16000	(131, 189)	b'\x83\xbd'	417
16001	(230, 172)	b'\xe6\xac'	552
16002	(313, 39)	" I'"	715
16003	(439, 315)	'ople'	822
16004	(336, 99)	' bec'	950
16005	(716, 49)	' 201'	1094
16006	(73, 39)	"I'"	1356
16007	(934, 1398)	' includ'	1559
16008	(1346, 823)	' differe'	1612
16009	(318, 445)	'stem'	1865
16010	(1261, 315)	' proble'	2034
16011	(369, 1877)	' Americ'	2050
16012	(268, 308)	' wom'	2131
16013	(499, 1328)	' produ'	2140
16014	(281, 995)	' foll'	2189
16015	(286, 1097)	' mov'	2216
16016	(311, 685)	' giv'	2235
16017	(644, 101)	' spe'	2362
16018	(844, 305)	' offic'	2368
16019	(934, 262)	' incre'	2397
16020	(518, 672)	' vide'	2585
16021	(902, 351)	' contro'	2651
16022	(555, 973)	' chang'	2857
16023	(294, 551)	' hist'	2866
16024	(375, 264)	'iron'	3029
16025	(2244, 308)	'conom'	3034
16026	(810, 322)	'itely'	3248
16027	(294, 364)	' hig'	3343
16028	(869, 335)	'onday'	3435
16029	(293, 1528)	' toget'	3447
16030	(1405, 424)	' invol'	3553
16031	(521, 1965)	' sugg'	3565
16032	(118, 1941)	'vices'	3570
16033	(1518, 141)	'্'	3592
16034	(233, 188)	b'\xe9\xbc'	3683
16035	(577, 590)	'artment'	3757
16036	(3585, 590)	'vironment'	3882
16037	(233, 142)	b'\xe9\x8e'	4086
16038	(141, 771)	b'\x8d\xe0\xaa'	4099
16039	(1635, 1178)	'uesday'	4102
16040	(1266, 1696)	'selves'	4133
16041	(413, 911)	'大利'	4154
16042	(1014, 343)	' teac'	4241
16043	(960, 101)	' dise'	4364
16044	(661, 100)	' upd'	4408
16045	(555, 576)	' chall'	4428
16046	(2960, 1178)	'nesday'	4485
16047	(362, 1550)	' Sund'	4491
16048	(436, 110)	'hern'	4538
16049	(2540, 3001)	' opportun'	4568
16050	(2101, 3555)	'人民共和'	4608
16051	(1664, 1810)	' surpr'	4609
16052	(2424, 288)	'duced'	4627
16053	(288, 2064)	'ederal'	4748
16054	(749, 190)	'ா'	4753
16055	(3750, 1773)	' Afric'	4815
16056	(2302, 551)	'minist'	4823
16057	(284, 4083)	' piec'	4852
16058	(2510, 1178)	'aturday'	4948
16059	(394, 3985)	'oogle'	4962
16060	(301, 4080)	' langu'	4966
16061	(1005, 1401)	' Intern'	4968
16062	(1675, 259)	' opin'	4978
16063	(297, 271)	' init'	4979
16064	(16004, 308)	' becom'	5013
16065	(4071, 2433)	' Austral'	5076
16066	(218, 186)	'ں'	5083
16067	(177, 1668)	b'\xb1\xe4\xb9\x90'	5105
16068	(1320, 445)	' attem'	5134
16069	(300, 1198)	'asons'	5179
16070	(336, 3378)	' beaut'	5188
16071	(3296, 2245)	'ospital'	5213
16072	(2502, 104)	' veh'	5258
16073	(1386, 128)	'础'	5280
16074	(371, 753)	' stra'	5344
16075	(1575, 2408)	'ccording'	5349
16076	(928, 1948)	'hington'	5380
16077	(685, 407)	'ivil'	5383
16078	(105, 2440)	'iety'	5438
16079	(672, 639)	'idered'	5462
16080	(1788, 118)	' obv'	5485
16081	(792, 4780)	' immedi'	5487
16082	(497, 471)	' doct'	5543
16083	(328, 1328)	' redu'	5617
16084	(544, 1834)	'来越'	5652
16085	(1679, 278)	'ysis'	5686
16086	(1627, 315)	'rible'	5753
16087	(239, 189)	b'\xef\xbd'	5757
16088	(756, 16056)	' administ'	5777
16089	(404, 578)	' weap'	5779
16090	(2654, 938)	' behav'	5840
16091	(2067, 734)	'ornia'	5863
16092	(946, 2642)	'西班'	5868
16093	(497, 309)	' doll'	5877
16094	(294, 2396)	' htt'	5925
16095	(537, 103)	' deg'	5990
16096	(2801, 112)	' purp'	6128
16097	(3184, 1178)	'ursday'	6138
16098	(226, 152)	b'\xe2\x98'	6245
16099	(1037, 1965)	'rugg'	6355
16100	(4338, 278)	' epis'	6356
16101	(298, 731)	' thous'	6360
16102	(1037, 970)	'ruary'	6362
16103	(493, 450)	' neigh'	6368
16104	(314, 179)	'圳'	6442
16105	(1692, 138)	'腊'	6447
16106	(4299, 2929)	' Associ'	6477
16107	(4044, 121)	'razy'	6514
16108	(1550, 639)	'undred'	6536
16109	(1918, 1918)	'----'	6568
16110	(235, 138)	b'\xeb\x8a'	6740
16111	(345, 445)	'adem'	6798
16112	(407, 600)	'ilies'	6800
16113	(121, 869)	'yond'	6863
16114	(3001, 2384)	'ortunately'	6904
16115	(1990, 161)	'葡'	6919
16116	(1428, 177)	'ੱ'	6940
16117	(1643, 3621)	'efully'	6981
16118	(975, 1208)	' sched'	7054
16119	(109, 846)	'mber'	7074
16120	(5243, 110)	' _n'	7141
16121	(16050, 433)	'人民共和国'	7168
16122	(352, 2015)	' Tex'	7191
16123	(109, 858)	'mpt'	7216
16124	(1054, 132)	'萄'	7264
16125	(3821, 3821)	'____'	7342
16126	(854, 2182)	'加拿'	7353
16127	(294, 731)	' hous'	7357
16128	(969, 16119)	'ovember'	7367
16129	(98, 484)	'bum'	7368
16130	(294, 470)	' hus'	7455
16131	(185, 163)	b'\xb9\xa3'	7554
16132	(881, 162)	'恢'	7570
16133	(412, 16048)	'outhern'	7614
16134	(6077, 331)	' candid'	7686
16135	(1481, 16123)	' sympt'	7712
16136	(605, 16048)	'orthern'	7717
16137	(233, 137)	b'\xe9\x89'	7810
16138	(934, 639)	' incred'	7844
16139	(1432, 111)	' smo'	7884
16140	(401, 109)	'term'	7963
16141	(16050, 1153)	'人民共和國'	7998
16142	(365, 170)	'绪'	8067
16143	(110, 3133)	'noon'	8086
16144	(401, 1178)	'terday'	8179
16145	(343, 1798)	'acters'	8190
16146	(797, 2221)	'ionship'	8210
16147	(1177, 840)	'色球'	8246
16148	(273, 1798)	'orters'	8269
16149	(114, 677)	'round'	8291
16150	(782, 325)	' clot'	8369
16151	(3720, 273)	' Flor'	8399
16152	(463, 114)	'ustr'	8405
16153	(2254, 278)	' legis'	8407
16154	(3072, 736)	' equip'	8619
16155	(433, 1325)	'国务'	8658
16156	(3491, 16041)	'澳大利'	8740
16157	(305, 6700)	'icago'	8795
16158	(2128, 4599)	' determ'	9004
16159	(486, 2323)	'ategy'	9053
16160	(7778, 2879)	' Virgin'	9071
16161	(4236, 291)	'iliar'	9220
16162	(1499, 703)	' coff'	9223
16163	(985, 3321)	'意味'	9331
16164	(1326, 278)	' cris'	9357
16165	(108, 95)	'l_'	9408
16166	(2110, 121)	'gery'	9439
16167	(278, 102)	'isf'	9506
16168	(2923, 264)	'ackson'	9566
16169	(878, 155)	'睛'	9569
16170	(556, 2424)	' Educ'	9674
16171	(261, 136)	'丈'	9737
16172	(105, 3314)	'iams'	9760
16173	(3711, 3564)	'ournament'	9812
16174	(597, 264)	'oston'	9962
16175	(235, 161)	b'\xeb\xa1'	9970
16176	(457, 168)	'咨'	10002
16177	(2341, 277)	'dden'	10011
16178	(322, 4831)	'lymp'	10014
16179	(3116, 1876)	' Develop'	10017
16180	(325, 105)	'oti'	10108
16181	(114, 604)	'rast'	10157
16182	(2323, 858)	'gypt'	10206
16183	(3380, 271)	' Commit'	10213
16184	(4415, 484)	' circum'	10233
16185	(443, 1213)	'unte'	10295
16186	(5423, 112)	' persp'	10351
16187	(763, 322)	'actly'	10376
16188	(1006, 1497)	' Veg'	10400
16189	(6303, 6381)	' ridicul'	10418
16190	(6983, 590)	'forcement'	10460
16191	(272, 1071)	'anish'	10501
16192	(429, 566)	' Pak'	10509
16193	(16118, 468)	' schedul'	10517
16194	(748, 316)	'ansion'	10533
16195	(976, 133)	'墅'	10562
16196	(262, 1663)	'reland'	10588
16197	(3085, 120)	' approx'	10597
16198	(1481, 3509)	' symb'	10607
16199	(4801, 172)	'瞬'	10668
16200	(268, 2709)	' www'	10701
16201	(986, 186)	b' \xe1\xba'	10707
16202	(407, 1048)	'ilty'	10801
16203	(362, 2929)	' Soci'	10809
16204	(273, 784)	'orage'	10823
16205	(1361, 120)	'lix'	10904
16206	(432, 187)	'玻'	10980
16207	(627, 168)	'妨'	11053
16208	(1852, 108)	' confl'	11109
16209	(4044, 407)	'razil'	11114
16210	(1843, 2323)	'nergy'	11142
16211	(7651, 8866)	'光学变焦'	11211
16212	(1706, 8120)	'林匹'	11234
16213	(1210, 273)	'ictor'	11255
16214	(425, 147)	'寓'	11279
16215	(422, 142)	'赎'	11285
16216	(1731, 300)	'phas'	11339
16217	(2024, 16181)	' infrast'	11342
16218	(461, 150)	'怖'	11364
16219	(1773, 1138)	'ricult'	11434
16220	(719, 185)	'苹'	11456
16221	(290, 1080)	'alian'	11478
16222	(8990, 283)	'abetes'	11500
16223	(1078, 7534)	'水扁'	11562
16224	(262, 8027)	'rehens'	11574
16225	(814, 155)	'矛'	11575
16226	(379, 1460)	' Cath'	11587
16227	(1630, 407)	' phil'	11616
16228	(362, 1285)	' Sup'	11617
16229	(84, 5491)	'Tube'	11663
16230	(708, 176)	'晰'	11672
16231	(3051, 545)	'派出'	11703
16232	(5237, 131)	'璃'	11774
16233	(308, 889)	'ompl'	11780
16234	(16184, 318)	' circumst'	11792
16235	(271, 609)	'itect'	11813
16236	(3006, 1941)	'ervices'	11817
16237	(518, 468)	' vul'	11824
16238	(105, 722)	'ivery'	11830
16239	(3794, 259)	'evin'	11856
16240	(854, 7808)	'加坡'	11951
16241	(1504, 155)	' છ'	11985
16242	(345, 505)	'adel'	11994
16243	(485, 531)	' jour'	12007
16244	(335, 7005)	'aylor'	12015
16245	(596, 16067)	'俱乐'	12052
16246	(334, 563)	'ownt'	12056
16247	(102, 16205)	'flix'	12060
16248	(293, 120)	' tox'	12092
16249	(959, 272)	'ordan'	12148
16250	(809, 187)	'姻'	12149
16251	(9685, 3296)	' atmosp'	12173
16252	(1259, 318)	' underst'	12180
16253	(2241, 272)	' explan'	12183
16254	(8776, 3333)	'anchester'	12208
16255	(1950, 2027)	'仅供'	12223
16256	(1326, 733)	' cruc'	12239
16257	(46, 70)	'.F'	12256
16258	(294, 3292)	' hilar'	12262
16259	(1254, 131)	'垃'	12285
16260	(314, 190)	'圾'	12346
16261	(818, 4626)	'izza'	12347
16262	(1347, 1224)	'联网'	12389
16263	(4077, 264)	'regon'	12420
16264	(112, 2920)	'pret'	12430
16265	(384, 137)	'杉'	12488
16266	(395, 3471)	' Muse'	12496
16267	(9007, 5713)	'rizona'	12528
16268	(1449, 858)	' empt'	12547
16269	(4916, 3724)	' Corpor'	12594
16270	(3575, 3564)	' fundament'	12615
16271	(914, 129)	'胁'	12684
16272	(684, 1979)	'经销'	12735
16273	(729, 144)	'谐'	12743
16274	(576, 300)	'allas'	12755
16275	(4317, 273)	' Color'	12779
16276	(532, 2406)	'家宝'	12797
16277	(1640, 626)	'季后'	12828
16278	(4284, 148)	'織'	12831
16279	(117, 918)	'uable'	12837
16280	(3688, 505)	'aniel'	12857
16281	(394, 262)	'oore'	12858
16282	(571, 639)	'ivered'	12915
16283	(5540, 282)	'edding'	12981
16284	(258, 2325)	'heme'	12996
16285	(707, 170)	'肪'	13020
16286	(7820, 16111)	' Academ'	13021
16287	(500, 3454)	' NAS'	13053
16288	(2659, 3486)	'specially'	13065
16289	(270, 6776)	'ouston'	13103
16290	(107, 114)	'kr'	13104
16291	(434, 187)	'逻'	13114
16292	(283, 1266)	'essel'	13128
16293	(2114, 101)	' colle'	13134
16294	(1219, 797)	'issions'	13162
16295	(1401, 290)	'ternal'	13171
16296	(68, 4163)	'DII'	13174
16297	(2865, 10326)	'iverpool'	13182
16298	(481, 2806)	'abama'	13184
16299	(4602, 5359)	' Georg'	13220
16300	(324, 153)	'宙'	13260
16301	(988, 2074)	'样板'	13315
16302	(16242, 1731)	'adelph'	13334
16303	(1625, 1095)	'传感'	13378
16304	(1050, 479)	'veland'	13424
16305	(284, 1494)	' phen'	13462
16306	(753, 113)	'raq'	13475
16307	(2118, 628)	'ername'	13531
16308	(8239, 486)	'ocolate'	13539
16309	(337, 172)	'尬'	13564
16310	(623, 563)	' Ont'	13567
16311	(8516, 1494)	'itchen'	13592
16312	(2386, 4208)	' Zeal'	13616
16313	(2017, 137)	'築'	13633
16314	(854, 911)	'加利'	13641
16315	(6784, 190)	'憾'	13763
16316	(16302, 734)	'adelphia'	13813
16317	(5056, 105)	'iami'	13849
16318	(4533, 6241)	'胡锦'	13873
16319	(3141, 177)	'橱'	13875
16320	(292, 16246)	' downt'	13903
16321	(4574, 883)	'羅斯'	13975
16322	(812, 158)	'坞'	13985
16323	(117, 682)	'uine'	14005
16324	(16255, 5978)	'仅供参考'	14006
16325	(860, 410)	' acce'	14058
16326	(2935, 172)	'責'	14083
16327	(3072, 4482)	' equival'	14104
16328	(337, 180)	'尴'	14115
16329	(2935, 160)	'負'	14148
16330	(1802, 1438)	'巴马'	14171
16331	(5553, 83)	'URS'	14252
16332	(7777, 3825)	'RIDAY'	14253
16333	(8186, 869)	'respond'	14317
16334	(7854, 271)	'etroit'	14391
16335	(2162, 930)	'tenance'	14407
16336	(16301, 919)	'样板间'	14429
16337	(2391, 5513)	'scribe'	14433
16338	(2510, 514)	'aturally'	14437
16339	(548, 1093)	'resents'	14524
16340	(521, 99)	' suc'	14537
16341	(16331, 3825)	'URSDAY'	14556
16342	(710, 181)	'践'	14576
16343	(457, 150)	'咖'	14587
16344	(956, 187)	'锻'	14589
16345	(292, 9358)	' dipl'	14600
16346	(3904, 16322)	'莱坞'	14615
16347	(481, 3441)	'abeth'	14637
16348	(398, 948)	'中关'	14684
16349	(46, 5734)	'.TH'	14694
16350	(424, 277)	'olen'	14708
16351	(917, 6601)	'相册'	14822
16352	(2630, 5553)	'ATUR'	14828
16353	(2960, 5496)	'nesota'	14855
16354	(112, 95)	'p_'	14904
16355	(104, 1114)	'hors'	14913
16356	(717, 176)	'汰'	14949
16357	(1128, 158)	'莞'	15126
16358	(675, 145)	'镑'	15130
16359	(10509, 884)	'百分点'	15192
16360	(1363, 1175)	'爱尔'	15205
16361	(16352, 3825)	'ATURDAY'	15227
16362	(1200, 1191)	'安东'	15266
16363	(275, 11397)	' củ'	15286
16364	(283, 5041)	'esville'	15361
16365	(798, 161)	'啡'	15436
16366	(905, 1018)	'性价'	15540
16367	(7372, 883)	'穆斯'	15752
16368	(368, 1048)	'verty'	15918
16369	(8811, 10172)	'地图搜索'	15925
16370	(1198, 259)	'onsin'	15970
