16000	(131, 189)	b'\x83\xbd'	417
16001	(313, 39)	" I'"	715
16002	(439, 315)	'ople'	822
16003	(336, 99)	' bec'	950
16004	(717, 49)	' 201'	1094
16005	(73, 39)	"I'"	1356
16006	(935, 1399)	' includ'	1559
16007	(1347, 824)	' differe'	1612
16008	(318, 445)	'stem'	1865
16009	(1262, 315)	' proble'	2034
16010	(369, 1878)	' Americ'	2050
16011	(268, 308)	' wom'	2131
16012	(499, 1329)	' produ'	2140
16013	(286, 1098)	' mov'	2216
16014	(311, 686)	' giv'	2235
16015	(645, 101)	' spe'	2362
16016	(935, 262)	' incre'	2397
16017	(518, 673)	' vide'	2585
16018	(903, 351)	' contro'	2651
16019	(556, 974)	' chang'	2857
16020	(2246, 308)	'conom'	3034
16021	(811, 322)	'itely'	3248
16022	(294, 364)	' hig'	3343
16023	(293, 1529)	' toget'	3447
16024	(1406, 424)	' invol'	3553
16025	(521, 1966)	' sugg'	3565
16026	(118, 1942)	'vices'	3570
16027	(1519, 141)	'্'	3592
16028	(233, 188)	b'\xe9\xbc'	3683
16029	(3591, 591)	'vironment'	3882
16030	(141, 772)	b'\x8d\xe0\xaa'	4099
16031	(1267, 1697)	'selves'	4133
16032	(961, 101)	' dise'	4364
16033	(556, 577)	' chall'	4428
16034	(2964, 1179)	'nesday'	4485
16035	(2543, 3005)	' opportun'	4568
16036	(2102, 3561)	'人民共和'	4608
16037	(1665, 1811)	' surpr'	4609
16038	(288, 2065)	'ederal'	4748
16039	(2304, 552)	'minist'	4823
16040	(284, 4092)	' piec'	4852
16041	(394, 3992)	'oogle'	4962
16042	(301, 4089)	' langu'	4966
16043	(1676, 259)	' opin'	4978
16044	(297, 271)	' init'	4979
16045	(16003, 308)	' becom'	5013
16046	(177, 1669)	b'\xb1\xe4\xb9\x90'	5105
16047	(1321, 445)	' attem'	5134
16048	(3301, 2247)	'ospital'	5213
16049	(2505, 104)	' veh'	5258
16050	(1387, 128)	'础'	5280
16051	(1576, 2411)	'ccording'	5349
16052	(686, 407)	'ivil'	5383
16053	(105, 2443)	'iety'	5438
16054	(673, 640)	'idered'	5462
16055	(1789, 118)	' obv'	5485
16056	(793, 4797)	' immedi'	5487
16057	(328, 1329)	' redu'	5617
16058	(544, 1835)	'来越'	5652
16059	(1680, 278)	'ysis'	5686
16060	(239, 189)	b'\xef\xbd'	5757
16061	(757, 16039)	' administ'	5777
16062	(404, 579)	' weap'	5779
16063	(2657, 939)	' behav'	5840
16064	(947, 2645)	'西班'	5868
16065	(294, 2399)	' htt'	5925
16066	(537, 103)	' deg'	5990
16067	(2804, 112)	' purp'	6128
16068	(3189, 1179)	'ursday'	6138
16069	(226, 152)	b'\xe2\x98'	6245
16070	(4349, 278)	' epis'	6356
16071	(298, 732)	' thous'	6360
16072	(1038, 971)	'ruary'	6362
16073	(493, 450)	' neigh'	6368
16074	(314, 179)	'圳'	6442
16075	(235, 138)	b'\xeb\x8a'	6740
16076	(1991, 161)	'葡'	6919
16077	(1429, 177)	'ੱ'	6940
16078	(1644, 3627)	'efully'	6981
16079	(976, 1209)	' sched'	7054
16080	(109, 847)	'mber'	7074
16081	(5266, 110)	' _n'	7141
16082	(16036, 433)	'人民共和国'	7168
16083	(109, 859)	'mpt'	7216
16084	(1055, 132)	'萄'	7264
16085	(855, 2184)	'加拿'	7353
16086	(294, 732)	' hous'	7357
16087	(970, 16080)	'ovember'	7367
16088	(185, 163)	b'\xb9\xa3'	7554
16089	(882, 162)	'恢'	7570
16090	(412, 4503)	'outhern'	7614
16091	(606, 4503)	'orthern'	7717
16092	(233, 137)	b'\xe9\x89'	7810
16093	(935, 640)	' incred'	7844
16094	(1433, 111)	' smo'	7884
16095	(16036, 1154)	'人民共和國'	7998
16096	(110, 3138)	'noon'	8086
16097	(401, 1179)	'terday'	8179
16098	(343, 1799)	'acters'	8190
16099	(798, 2223)	'ionship'	8210
16100	(1178, 841)	'色球'	8246
16101	(3726, 273)	' Flor'	8399
16102	(2256, 278)	' legis'	8407
16103	(3077, 737)	' equip'	8619
16104	(3497, 4122)	'澳大利'	8740
16105	(305, 6737)	'icago'	8795
16106	(2129, 4614)	' determ'	9004
16107	(486, 2325)	'ategy'	9053
16108	(1500, 704)	' coff'	9223
16109	(986, 3326)	'意味'	9331
16110	(108, 95)	'l_'	9408
16111	(2927, 264)	'ackson'	9566
16112	(879, 155)	'睛'	9569
16113	(105, 3319)	'iams'	9760
16114	(598, 264)	'oston'	9962
16115	(457, 168)	'咨'	10002
16116	(2343, 277)	'dden'	10011
16117	(322, 4848)	'lymp'	10014
16118	(114, 605)	'rast'	10157
16119	(2325, 859)	'gypt'	10206
16120	(3385, 271)	' Commit'	10213
16121	(977, 133)	'墅'	10562
16122	(262, 1664)	'reland'	10588
16123	(4818, 172)	'瞬'	10668
16124	(268, 2712)	' www'	10701
16125	(407, 1049)	'ilty'	10801
16126	(362, 2933)	' Soci'	10809
16127	(273, 785)	'orage'	10823
16128	(1362, 120)	'lix'	10904
16129	(1853, 108)	' confl'	11109
16130	(4051, 407)	'razil'	11114
16131	(1844, 2325)	'nergy'	11142
16132	(7696, 8918)	'光学变焦'	11211
16133	(1707, 8167)	'林匹'	11234
16134	(1732, 300)	'phas'	11339
16135	(2025, 16118)	' infrast'	11342
16136	(461, 150)	'怖'	11364
16137	(1774, 1139)	'ricult'	11434
16138	(720, 185)	'苹'	11456
16139	(1079, 7577)	'水扁'	11562
16140	(815, 155)	'矛'	11575
16141	(1631, 407)	' phil'	11616
16142	(362, 1286)	' Sup'	11617
16143	(84, 5517)	'Tube'	11663
16144	(709, 176)	'晰'	11672
16145	(5260, 131)	'璃'	11774
16146	(308, 890)	'ompl'	11780
16147	(10112, 318)	' circumst'	11792
16148	(3011, 1942)	'ervices'	11817
16149	(518, 468)	' vul'	11824
16150	(105, 723)	'ivery'	11830
16151	(855, 7853)	'加坡'	11951
16152	(1505, 155)	' છ'	11985
16153	(345, 505)	'adel'	11994
16154	(485, 531)	' jour'	12007
16155	(597, 16046)	'俱乐'	12052
16156	(334, 564)	'ownt'	12056
16157	(960, 272)	'ordan'	12148
16158	(810, 187)	'姻'	12149
16159	(9745, 3301)	' atmosp'	12173
16160	(1260, 318)	' underst'	12180
16161	(2243, 272)	' explan'	12183
16162	(8828, 3338)	'anchester'	12208
16163	(1951, 2028)	'仅供'	12223
16164	(294, 3297)	' hilar'	12262
16165	(1255, 131)	'垃'	12285
16166	(314, 190)	'圾'	12346
16167	(1348, 1225)	'联网'	12389
16168	(4086, 264)	'regon'	12420
16169	(112, 2924)	'pret'	12430
16170	(395, 3477)	' Muse'	12496
16171	(9060, 5740)	'rizona'	12528
16172	(1450, 859)	' empt'	12547
16173	(4935, 3731)	' Corpor'	12594
16174	(915, 129)	'胁'	12684
16175	(685, 1980)	'经销'	12735
16176	(730, 144)	'谐'	12743
16177	(577, 300)	'allas'	12755
16178	(4328, 273)	' Color'	12779
16179	(532, 2409)	'家宝'	12797
16180	(1641, 627)	'季后'	12828
16181	(4295, 148)	'織'	12831
16182	(117, 919)	'uable'	12837
16183	(572, 640)	'ivered'	12915
16184	(5566, 282)	'edding'	12981
16185	(258, 2327)	'heme'	12996
16186	(708, 170)	'肪'	13020
16187	(7865, 6722)	' Academ'	13021
16188	(270, 6814)	'ouston'	13103
16189	(434, 187)	'逻'	13114
16190	(283, 1267)	'essel'	13128
16191	(2115, 101)	' colle'	13134
16192	(1220, 798)	'issions'	13162
16193	(68, 4173)	'DII'	13174
16194	(2869, 10399)	'iverpool'	13182
16195	(481, 2809)	'abama'	13184
16196	(4617, 5384)	' Georg'	13220
16197	(324, 153)	'宙'	13260
16198	(989, 2075)	'样板'	13315
16199	(16153, 1732)	'adelph'	13334
16200	(1626, 1096)	'传感'	13378
16201	(1051, 479)	'veland'	13424
16202	(284, 1495)	' phen'	13462
16203	(754, 113)	'raq'	13475
16204	(2119, 629)	'ername'	13531
16205	(8289, 486)	'ocolate'	13539
16206	(337, 172)	'尬'	13564
16207	(624, 564)	' Ont'	13567
16208	(8568, 1495)	'itchen'	13592
16209	(2389, 4219)	' Zeal'	13616
16210	(2018, 137)	'築'	13633
16211	(855, 912)	'加利'	13641
16212	(6822, 190)	'憾'	13763
16213	(16199, 735)	'adelphia'	13813
16214	(5077, 105)	'iami'	13849
16215	(4547, 6270)	'胡锦'	13873
16216	(3146, 177)	'橱'	13875
16217	(4588, 884)	'羅斯'	13975
16218	(813, 158)	'坞'	13985
16219	(117, 683)	'uine'	14005
16220	(16163, 6007)	'仅供参考'	14006
16221	(861, 410)	' acce'	14058
16222	(3077, 4495)	' equival'	14104
16223	(337, 180)	'尴'	14115
16224	(1803, 1439)	'巴马'	14171
16225	(5579, 83)	'URS'	14252
16226	(7822, 3832)	'RIDAY'	14253
16227	(8235, 870)	'respond'	14317
16228	(7900, 271)	'etroit'	14391
16229	(2163, 931)	'tenance'	14407
16230	(16198, 920)	'样板间'	14429
16231	(2394, 5539)	'scribe'	14433
16232	(548, 1094)	'resents'	14524
16233	(521, 99)	' suc'	14537
16234	(16225, 3832)	'URSDAY'	14556
16235	(457, 150)	'咖'	14587
16236	(957, 187)	'锻'	14589
16237	(292, 9415)	' dipl'	14600
16238	(3911, 16218)	'莱坞'	14615
16239	(481, 3447)	'abeth'	14637
16240	(398, 949)	'中关'	14684
16241	(46, 5761)	'.TH'	14694
16242	(2633, 5579)	'ATUR'	14828
16243	(2964, 5522)	'nesota'	14855
16244	(112, 95)	'p_'	14904
16245	(718, 176)	'汰'	14949
16246	(1129, 158)	'莞'	15126
16247	(676, 145)	'镑'	15130
16248	(10586, 885)	'百分点'	15192
16249	(1364, 1176)	'爱尔'	15205
16250	(16242, 3832)	'ATURDAY'	15227
16251	(1201, 1192)	'安东'	15266
16252	(275, 11483)	' củ'	15286
16253	(799, 161)	'啡'	15436
16254	(906, 1019)	'性价'	15540
16255	(368, 1049)	'verty'	15918
16256	(8863, 10238)	'地图搜索'	15925
16257	(1199, 259)	'onsin'	15970
