14000	(131, 189)	b'\x83\xbd'	411
14001	(231, 174)	b'\xe7\xae'	781
14002	(318, 39)	" I'"	803
14003	(466, 654)	' 201'	893
14004	(231, 177)	b'\xe7\xb1'	954
14005	(346, 99)	' bec'	1051
14006	(73, 39)	"I'"	1547
14007	(1011, 1518)	' includ'	1693
14008	(559, 100)	' prod'	2048
14009	(231, 147)	b'\xe7\x93'	2191
14010	(268, 310)	' wom'	2218
14011	(286, 1143)	' mov'	2305
14012	(316, 774)	' giv'	2506
14013	(559, 1511)	' proble'	2512
14014	(476, 172)	'括'	2555
14015	(546, 734)	' vide'	2575
14016	(1158, 141)	'্'	2637
14017	(430, 175)	'ု'	2879
14018	(264, 2043)	' syst'	2951
14019	(141, 606)	b'\x8d\xe0\xaa'	3017
14020	(1609, 809)	'uesday'	3103
14021	(118, 2024)	'vices'	3179
14022	(2532, 310)	'conom'	3264
14023	(414, 183)	b' \xe0\xb7'	3300
14024	(1159, 308)	' partic'	3304
14025	(596, 1017)	' chang'	3338
14026	(2464, 809)	'nesday'	3355
14027	(603, 643)	'artment'	3454
14028	(305, 609)	' lear'	3554
14029	(297, 617)	' hist'	3575
14030	(890, 331)	'itely'	3700
14031	(2625, 809)	'aturday'	3797
14032	(233, 188)	b'\xe9\xbc'	3813
14033	(297, 369)	' hig'	3826
14034	(292, 2175)	' toget'	3828
14035	(511, 382)	' sever'	3933
14036	(97, 1100)	'aign'	4143
14037	(2499, 485)	'uggest'	4206
14038	(400, 831)	'大利'	4267
14039	(105, 719)	'iod'	4297
14040	(274, 671)	'anies'	4298
14041	(282, 638)	' foc'	4320
14042	(686, 100)	' upd'	4350
14043	(282, 369)	' fig'	4366
14044	(256, 1565)	' targ'	4390
14045	(1268, 128)	'础'	4453
14046	(3597, 293)	'ederal'	4493
14047	(2569, 635)	' opport'	4528
14048	(2794, 353)	' charac'	4551
14049	(177, 1644)	b'\xb1\xe4\xb9\x90'	4553
14050	(226, 152)	b'\xe2\x98'	4617
14051	(233, 177)	b'\xe9\xb1'	4636
14052	(3442, 2242)	'ospital'	4638
14053	(596, 621)	' chall'	4674
14054	(2831, 809)	'ursday'	4690
14055	(2416, 418)	'ouncil'	4808
14056	(2506, 104)	' veh'	4826
14057	(391, 811)	' Mich'	4863
14058	(1901, 1788)	' surpr'	4884
14059	(4167, 1792)	'ashington'	4894
14060	(235, 138)	b'\xeb\x8a'	4946
14061	(1094, 177)	'ੱ'	5105
14062	(314, 402)	' nec'	5117
14063	(95, 95)	'__'	5162
14064	(520, 1846)	'来越'	5173
14065	(4221, 2628)	' Austral'	5256
14066	(118, 383)	'vir'	5296
14067	(300, 275)	' init'	5306
14068	(2643, 2308)	'ccording'	5356
14069	(3875, 2162)	' Afric'	5387
14070	(305, 1565)	' larg'	5426
14071	(1632, 138)	'腊'	5443
14072	(306, 179)	'圳'	5471
14073	(2611, 1248)	'istrict'	5527
14074	(14066, 265)	'viron'	5606
14075	(185, 163)	b'\xb9\xa3'	5614
14076	(265, 379)	'onse'	5650
14077	(2229, 1954)	' signific'	5670
14078	(1614, 4422)	' individ'	5713
14079	(284, 4807)	' piec'	5724
14080	(1117, 1650)	' Intern'	5729
14081	(1913, 1913)	'----'	5734
14082	(5165, 101)	'ittee'	5768
14083	(1091, 265)	'ondon'	5773
14084	(1953, 3254)	'bruary'	5822
14085	(552, 312)	' doll'	5823
14086	(552, 99)	' doc'	5827
14087	(2281, 738)	'ornia'	5861
14088	(421, 651)	' weap'	5867
14089	(720, 147)	'谓'	5892
14090	(1075, 2802)	'西班'	6004
14091	(1034, 727)	'色球'	6106
14092	(902, 267)	' ener'	6113
14093	(4298, 3427)	' Associ'	6137
14094	(297, 2361)	' htt'	6151
14095	(232, 152)	b'\xe8\x98'	6337
14096	(1060, 1290)	' sched'	6423
14097	(863, 162)	'恢'	6482
14098	(110, 3014)	'noon'	6511
14099	(2177, 5178)	'人民共和'	6518
14100	(4744, 321)	'underst'	6548
14101	(263, 4252)	'reci'	6567
14102	(256, 977)	' tick'	6570
14103	(100, 320)	'dle'	6610
14104	(5670, 326)	' candid'	6622
14105	(1845, 369)	' relig'	6688
14106	(473, 326)	'upid'	6690
14107	(419, 1122)	'国务'	6770
14108	(4843, 2267)	'ampionship'	6775
14109	(487, 153)	'浙'	6791
14110	(356, 2250)	' Tex'	6869
14111	(422, 161)	'贡'	6919
14112	(276, 3232)	'orney'	6924
14113	(137, 180)	b'\x89\xb4'	6939
14114	(1821, 1863)	'porters'	6940
14115	(782, 526)	'rael'	6968
14116	(552, 543)	' doct'	7017
14117	(2476, 101)	'inese'	7046
14118	(611, 271)	' plat'	7047
14119	(297, 423)	' hus'	7148
14120	(734, 728)	'idered'	7161
14121	(761, 2125)	'加拿'	7182
14122	(98, 499)	'bum'	7223
14123	(109, 896)	'mber'	7287
14124	(4367, 121)	'razy'	7300
14125	(705, 103)	'reng'	7331
14126	(742, 4702)	'uclear'	7382
14127	(418, 671)	'ilies'	7404
14128	(3068, 14038)	'澳大利'	7442
14129	(337, 170)	'绪'	7473
14130	(383, 3365)	'irgin'	7494
14131	(1080, 14123)	'ovember'	7516
14132	(980, 3174)	'意味'	7637
14133	(1869, 3911)	'efully'	7669
14134	(2461, 728)	'undred'	7690
14135	(516, 134)	'忆'	7725
14136	(107, 332)	'ket'	7746
14137	(121, 1091)	'yond'	7807
14138	(411, 809)	'terday'	7897
14139	(284, 423)	' pus'	7924
14140	(1089, 99)	'merc'	7936
14141	(4030, 276)	' Flor'	8049
14142	(308, 6386)	'icago'	8117
14143	(443, 168)	'咨'	8144
14144	(805, 133)	'墅'	8168
14145	(14140, 839)	'mercial'	8226
14146	(1011, 728)	' incred'	8249
14147	(104, 2361)	'htt'	8259
14148	(5723, 6533)	'光学变焦'	8293
14149	(233, 172)	b'\xe9\xac'	8295
14150	(1010, 14130)	' Virgin'	8421
14151	(505, 310)	'andom'	8441
14152	(411, 109)	'term'	8452
14153	(1450, 111)	'onto'	8493
14154	(1066, 6035)	'水扁'	8645
14155	(2484, 267)	' deter'	8690
14156	(375, 1683)	'unities'	8696
14157	(1010, 1370)	' Veg'	8734
14158	(395, 142)	'赎'	8770
14159	(458, 6086)	'agram'	8776
14160	(3979, 1409)	'ermany'	8780
14161	(2913, 604)	' advant'	8783
14162	(233, 142)	b'\xe9\x8e'	8825
14163	(2845, 14136)	' basket'	8830
14164	(1148, 155)	' છ'	8889
14165	(528, 287)	'uled'	8929
14166	(1340, 281)	' cris'	8978
14167	(331, 7216)	'lymp'	8996
14168	(260, 136)	'丈'	8998
14169	(705, 479)	"ren't"	9035
14170	(436, 560)	' Pak'	9046
14171	(683, 168)	'妨'	9060
14172	(1536, 1642)	'仅供'	9174
14173	(642, 265)	'oston'	9201
14174	(6711, 643)	'forcement'	9216
14175	(2218, 161)	'葡'	9232
14176	(46, 99)	'.c'	9319
14177	(3005, 486)	'派出'	9380
14178	(739, 176)	'晰'	9399
14179	(405, 147)	'寓'	9409
14180	(282, 446)	' fif'	9451
14181	(614, 1548)	'经销'	9479
14182	(2789, 6934)	'cohol'	9520
14183	(4856, 2879)	' Secret'	9525
14184	(801, 643)	'ipment'	9568
14185	(519, 3022)	'ategy'	9601
14186	(418, 997)	'ilty'	9641
14187	(4392, 320)	'iddle'	9649
14188	(68, 4214)	'DII'	9696
14189	(492, 2334)	'家宝'	9787
14190	(14099, 419)	'人民共和国'	9810
14191	(46, 70)	'.F'	9823
14192	(7279, 3253)	'anchester'	9851
14193	(1087, 1674)	'样板'	9862
14194	(1033, 132)	'萄'	9876
14195	(4019, 258)	'evin'	9917
14196	(1064, 5362)	' telev'	9929
14197	(1492, 1101)	'传感'	9943
14198	(822, 1370)	' integ'	9977
14199	(1396, 587)	'季后'	9997
14200	(588, 458)	' Eag'	10017
14201	(268, 2579)	' www'	10082
14202	(39, 109)	"'m"	10167
14203	(407, 187)	'玻'	10242
14204	(4423, 5790)	'胡锦'	10245
14205	(6273, 678)	'ructure'	10287
14206	(74, 111)	'Jo'	10298
14207	(286, 2981)	' mech'	10333
14208	(3956, 83)	'URS'	10361
14209	(3981, 177)	'橱'	10370
14210	(375, 1260)	'unte'	10388
14211	(353, 636)	'acity'	10396
14212	(1112, 637)	'ressive'	10399
14213	(299, 129)	'允'	10409
14214	(2679, 3956)	'ATUR'	10417
14215	(14172, 4740)	'仅供参考'	10428
14216	(648, 170)	'肪'	10429
14217	(3457, 288)	'iliar'	10451
14218	(379, 6705)	'semb'	10454
14219	(1497, 120)	'lix'	10470
14220	(1561, 757)	' coff'	10472
14221	(7191, 171)	b'\x95\xe1\x80\xab'	10496
14222	(114, 626)	'rast'	10522
14223	(818, 322)	'ansion'	10538
14224	(385, 2879)	' stret'	10566
14225	(6076, 2883)	'RIDAY'	10575
14226	(442, 271)	' kat'	10594
14227	(510, 746)	' Found'	10601
14228	(14193, 798)	'样板间'	10623
14229	(6429, 5532)	' neighbor'	10640
14230	(723, 175)	'涯'	10648
14231	(235, 166)	b'\xeb\xa6'	10659
14232	(480, 876)	'riage'	10668
14233	(531, 116)	' Lt'	10676
14234	(14208, 2883)	'URSDAY'	10739
14235	(1049, 274)	'ordan'	10756
14236	(348, 526)	'adel'	10776
14237	(592, 3045)	' excl'	10825
14238	(46, 5416)	'.TH'	10833
14239	(233, 144)	b'\xe9\x90'	10834
14240	(1110, 918)	'尔特'	10847
14241	(356, 328)	' Tay'	10863
14242	(1901, 2899)	' surger'	10870
14243	(3135, 8960)	'iverpool'	10894
14244	(4367, 418)	'razil'	10895
14245	(8029, 5718)	'ollywood'	10910
14246	(4566, 1821)	' Corpor'	10962
14247	(6565, 334)	'cellent'	10969
14248	(7319, 2487)	' Subsc'	10995
14249	(883, 155)	'睛'	11031
14250	(1553, 1945)	'ossible'	11037
14251	(6211, 345)	'know'	11055
14252	(8563, 816)	'百分点'	11070
14253	(109, 5287)	'makers'	11075
14254	(390, 820)	'中关'	11088
14255	(6015, 131)	'璃'	11110
14256	(273, 6497)	'ouston'	11153
14257	(263, 1764)	'reland'	11165
14258	(274, 8261)	'anwhile'	11175
14259	(376, 8270)	' Ariz'	11179
14260	(4527, 279)	'udden'	11182
14261	(761, 7934)	'加坡'	11190
14262	(84, 6208)	'Tube'	11192
14263	(549, 14049)	'俱乐'	11221
14264	(2912, 330)	' Scot'	11231
14265	(2629, 14222)	' infrast'	11249
14266	(14214, 2883)	'ATURDAY'	11276
14267	(830, 5428)	'相册'	11278
14268	(154, 1687)	b'\x9a\xe1\x80\xba'	11283
14269	(720, 144)	'谐'	11294
14270	(278, 8474)	' củ'	11298
14271	(1596, 779)	'太平'	11308
14272	(408, 263)	'oore'	11348
14273	(870, 155)	'矛'	11364
14274	(65, 119)	'Aw'	11392
14275	(1248, 276)	'ictor'	11395
14276	(794, 129)	'胁'	11413
14277	(236, 138)	b'\xec\x8a'	11421
14278	(8243, 505)	'leveland'	11422
14279	(3743, 105)	'iami'	11464
14280	(102, 14219)	'flix'	11504
14281	(618, 155)	'ớ'	11517
14282	(750, 158)	'坞'	11523
14283	(285, 4531)	'esville'	11561
14284	(658, 145)	'镑'	11563
14285	(500, 103)	'oung'	11564
14286	(2453, 515)	'ength'	11572
14287	(764, 865)	'与此'	11589
14288	(864, 184)	'ቸ'	11594
14289	(112, 4511)	'paper'	11622
14290	(1060, 259)	' sche'	11646
14291	(157, 188)	b'\x9d\xbc'	11679
14292	(2549, 258)	' Clin'	11716
14293	(782, 326)	'raid'	11720
14294	(354, 6523)	' Saud'	11722
14295	(7090, 8258)	' ridicul'	11725
14296	(14099, 2049)	'人民共和國'	11728
14297	(3473, 14282)	'莱坞'	11755
14298	(281, 102)	'isf'	11789
14299	(6867, 8629)	'地图搜索'	11790
14300	(522, 2380)	'abama'	11858
14301	(2362, 1940)	'奥巴'	11860
14302	(14236, 1829)	'adelph'	11862
14303	(5729, 499)	' circum'	11864
14304	(265, 485)	'onest'	11891
14305	(621, 301)	'allas'	11900
14306	(1951, 3022)	'nergy'	11940
14307	(635, 283)	'orting'	11942
14308	(464, 774)	' Div'	11955
14309	(2436, 643)	'velopment'	11960
14310	(641, 3052)	' Ont'	12000
14311	(2222, 14283)	'ottesville'	12188
14312	(105, 814)	'ivery'	12232
14313	(1178, 1221)	'安东'	12235
14314	(4735, 326)	'valid'	12258
14315	(14302, 738)	'adelphia'	12323
14316	(4694, 283)	'edding'	12364
14317	(4480, 108)	' Chel'	12373
14318	(1047, 158)	'莞'	12408
14319	(826, 844)	'性价'	12447
14320	(898, 141)	'積'	12459
14321	(793, 187)	'姻'	12482
14322	(6671, 2883)	'UNDAY'	12499
14323	(286, 2283)	' mari'	12515
14324	(321, 3867)	'stances'	12550
14325	(1244, 97)	'oola'	12574
14326	(2169, 108)	' confl'	12595
14327	(544, 7257)	' franch'	12596
14328	(4144, 283)	'erring'	12629
14329	(5742, 172)	'瞬'	12654
14330	(8041, 5700)	'ੂੰ'	12682
14331	(318, 782)	' Ira'	12706
14332	(4053, 14240)	'凯尔特'	12718
14333	(8088, 110)	'lynn'	12731
14334	(2337, 1110)	'索尔'	12758
14335	(579, 562)	'学金'	12826
14336	(2467, 2883)	'ONDAY'	12827
14337	(239, 189)	b'\xef\xbd'	12857
14338	(6144, 275)	'etroit'	12949
14339	(108, 310)	'lom'	12952
14340	(718, 181)	'践'	13008
14341	(14221, 7933)	b'\x95\xe1\x80\xab\xe1\x80\x90\xe1\x80'	13096
14342	(637, 728)	'ivered'	13179
14343	(6351, 2239)	'juana'	13183
14344	(707, 176)	'汰'	13254
14345	(294, 6121)	' antic'	13352
14346	(1544, 1110)	'爱尔'	13427
14347	(807, 185)	'苹'	13642
14348	(3979, 759)	'ermine'	13985
14349	(883, 144)	'睐'	14025
