14000	(131, 189)	b'\x83\xbd'	411
14001	(231, 174)	b'\xe7\xae'	781
14002	(318, 39)	" I'"	803
14003	(466, 654)	' 201'	893
14004	(231, 177)	b'\xe7\xb1'	954
14005	(346, 99)	' bec'	1051
14006	(73, 39)	"I'"	1547
14007	(1011, 1518)	' includ'	1693
14008	(268, 310)	' wom'	2218
14009	(286, 1143)	' mov'	2305
14010	(316, 774)	' giv'	2506
14011	(559, 1511)	' proble'	2512
14012	(546, 734)	' vide'	2575
14013	(1158, 141)	'্'	2637
14014	(430, 175)	'ု'	2879
14015	(264, 2044)	' syst'	2951
14016	(141, 606)	b'\x8d\xe0\xaa'	3017
14017	(2534, 310)	'conom'	3264
14018	(596, 1017)	' chang'	3338
14019	(2466, 809)	'nesday'	3355
14020	(603, 643)	'artment'	3454
14021	(305, 609)	' lear'	3554
14022	(297, 617)	' hist'	3575
14023	(890, 331)	'itely'	3700
14024	(233, 188)	b'\xe9\xbc'	3813
14025	(297, 369)	' hig'	3826
14026	(292, 2176)	' toget'	3828
14027	(511, 382)	' sever'	3933
14028	(2501, 485)	'uggest'	4206
14029	(400, 831)	'大利'	4267
14030	(282, 638)	' foc'	4320
14031	(686, 100)	' upd'	4350
14032	(256, 1565)	' targ'	4390
14033	(1268, 128)	'础'	4453
14034	(3604, 293)	'ederal'	4493
14035	(2572, 635)	' opport'	4528
14036	(2797, 353)	' charac'	4551
14037	(177, 1644)	b'\xb1\xe4\xb9\x90'	4553
14038	(226, 152)	b'\xe2\x98'	4617
14039	(233, 177)	b'\xe9\xb1'	4636
14040	(3449, 2244)	'ospital'	4638
14041	(596, 621)	' chall'	4674
14042	(2834, 809)	'ursday'	4690
14043	(2418, 418)	'ouncil'	4808
14044	(2508, 104)	' veh'	4826
14045	(1901, 1788)	' surpr'	4884
14046	(4176, 1792)	'ashington'	4894
14047	(235, 138)	b'\xeb\x8a'	4946
14048	(1094, 177)	'ੱ'	5105
14049	(314, 402)	' nec'	5117
14050	(520, 1846)	'来越'	5173
14051	(4230, 2631)	' Austral'	5256
14052	(300, 275)	' init'	5306
14053	(2646, 2310)	'ccording'	5356
14054	(305, 1565)	' larg'	5426
14055	(1632, 138)	'腊'	5443
14056	(306, 179)	'圳'	5471
14057	(2614, 1248)	'istrict'	5527
14058	(5244, 265)	'viron'	5606
14059	(185, 163)	b'\xb9\xa3'	5614
14060	(1614, 4434)	' individ'	5713
14061	(284, 4820)	' piec'	5724
14062	(1117, 1650)	' Intern'	5729
14063	(5179, 101)	'ittee'	5768
14064	(1953, 3259)	'bruary'	5822
14065	(552, 312)	' doll'	5823
14066	(2283, 738)	'ornia'	5861
14067	(421, 651)	' weap'	5867
14068	(720, 147)	'谓'	5892
14069	(1075, 2805)	'西班'	6004
14070	(1034, 727)	'色球'	6106
14071	(4309, 3434)	' Associ'	6137
14072	(297, 2363)	' htt'	6151
14073	(232, 152)	b'\xe8\x98'	6337
14074	(1060, 1290)	' sched'	6423
14075	(863, 162)	'恢'	6482
14076	(110, 3017)	'noon'	6511
14077	(2178, 5192)	'人民共和'	6518
14078	(100, 320)	'dle'	6610
14079	(4856, 2269)	'ampionship'	6775
14080	(422, 161)	'贡'	6919
14081	(276, 3237)	'orney'	6924
14082	(137, 180)	b'\x89\xb4'	6939
14083	(1821, 1863)	'porters'	6940
14084	(552, 543)	' doct'	7017
14085	(297, 423)	' hus'	7148
14086	(734, 728)	'idered'	7161
14087	(761, 2126)	'加拿'	7182
14088	(98, 499)	'bum'	7223
14089	(109, 896)	'mber'	7287
14090	(4379, 121)	'razy'	7300
14091	(705, 103)	'reng'	7331
14092	(418, 671)	'ilies'	7404
14093	(3071, 14029)	'澳大利'	7442
14094	(337, 170)	'绪'	7473
14095	(1080, 14089)	'ovember'	7516
14096	(980, 3179)	'意味'	7637
14097	(1869, 3919)	'efully'	7669
14098	(516, 134)	'忆'	7725
14099	(121, 1091)	'yond'	7807
14100	(411, 809)	'terday'	7897
14101	(284, 423)	' pus'	7924
14102	(1089, 99)	'merc'	7936
14103	(4038, 276)	' Flor'	8049
14104	(308, 6408)	'icago'	8117
14105	(443, 168)	'咨'	8144
14106	(805, 133)	'墅'	8168
14107	(14102, 839)	'mercial'	8226
14108	(1011, 728)	' incred'	8249
14109	(1010, 7399)	' Virgin'	8421
14110	(505, 310)	'andom'	8441
14111	(411, 109)	'term'	8452
14112	(1066, 6057)	'水扁'	8645
14113	(375, 1683)	'unities'	8696
14114	(1010, 1370)	' Veg'	8734
14115	(3987, 1409)	'ermany'	8780
14116	(2916, 604)	' advant'	8783
14117	(233, 142)	b'\xe9\x8e'	8825
14118	(1148, 155)	' છ'	8889
14119	(528, 287)	'uled'	8929
14120	(1340, 281)	' cris'	8978
14121	(331, 7250)	'lymp'	8996
14122	(260, 136)	'丈'	8998
14123	(705, 479)	"ren't"	9035
14124	(683, 168)	'妨'	9060
14125	(642, 265)	'oston'	9201
14126	(2220, 161)	'葡'	9232
14127	(739, 176)	'晰'	9399
14128	(405, 147)	'寓'	9409
14129	(614, 1548)	'经销'	9479
14130	(2792, 6968)	'cohol'	9520
14131	(801, 643)	'ipment'	9568
14132	(519, 3025)	'ategy'	9601
14133	(418, 997)	'ilty'	9641
14134	(68, 4223)	'DII'	9696
14135	(492, 2336)	'家宝'	9787
14136	(14077, 419)	'人民共和国'	9810
14137	(46, 70)	'.F'	9823
14138	(7314, 3258)	'anchester'	9851
14139	(1087, 1674)	'样板'	9862
14140	(1033, 132)	'萄'	9876
14141	(1492, 1101)	'传感'	9943
14142	(822, 1370)	' integ'	9977
14143	(1396, 587)	'季后'	9997
14144	(268, 2582)	' www'	10082
14145	(39, 109)	"'m"	10167
14146	(407, 187)	'玻'	10242
14147	(4435, 5811)	'胡锦'	10245
14148	(6295, 678)	'ructure'	10287
14149	(286, 2984)	' mech'	10333
14150	(3964, 83)	'URS'	10361
14151	(3989, 177)	'橱'	10370
14152	(375, 1260)	'unte'	10388
14153	(353, 636)	'acity'	10396
14154	(1112, 637)	'ressive'	10399
14155	(299, 129)	'允'	10409
14156	(2682, 3964)	'ATUR'	10417
14157	(9049, 4752)	'仅供参考'	10428
14158	(648, 170)	'肪'	10429
14159	(3464, 288)	'iliar'	10451
14160	(1497, 120)	'lix'	10470
14161	(1561, 757)	' coff'	10472
14162	(114, 626)	'rast'	10522
14163	(6098, 2886)	'RIDAY'	10575
14164	(510, 746)	' Found'	10601
14165	(14139, 798)	'样板间'	10623
14166	(723, 175)	'涯'	10648
14167	(235, 166)	b'\xeb\xa6'	10659
14168	(480, 876)	'riage'	10668
14169	(531, 116)	' Lt'	10676
14170	(14150, 2886)	'URSDAY'	10739
14171	(1049, 274)	'ordan'	10756
14172	(348, 526)	'adel'	10776
14173	(46, 5432)	'.TH'	10833
14174	(233, 144)	b'\xe9\x90'	10834
14175	(1110, 918)	'尔特'	10847
14176	(356, 328)	' Tay'	10863
14177	(1901, 2902)	' surger'	10870
14178	(3139, 9007)	'iverpool'	10894
14179	(4379, 418)	'razil'	10895
14180	(4578, 1821)	' Corpor'	10962
14181	(7354, 2489)	' Subsc'	10995
14182	(883, 155)	'睛'	11031
14183	(1553, 1945)	'ossible'	11037
14184	(6233, 345)	'know'	11055
14185	(8606, 816)	'百分点'	11070
14186	(390, 820)	'中关'	11088
14187	(6036, 131)	'璃'	11110
14188	(273, 6522)	'ouston'	11153
14189	(263, 1764)	'reland'	11165
14190	(376, 8311)	' Ariz'	11179
14191	(4539, 279)	'udden'	11182
14192	(761, 7972)	'加坡'	11190
14193	(84, 6230)	'Tube'	11192
14194	(549, 14037)	'俱乐'	11221
14195	(2632, 14162)	' infrast'	11249
14196	(14156, 2886)	'ATURDAY'	11276
14197	(830, 5444)	'相册'	11278
14198	(720, 144)	'谐'	11294
14199	(278, 8516)	' củ'	11298
14200	(1596, 779)	'太平'	11308
14201	(408, 263)	'oore'	11348
14202	(870, 155)	'矛'	11364
14203	(1248, 276)	'ictor'	11395
14204	(794, 129)	'胁'	11413
14205	(8284, 505)	'leveland'	11422
14206	(3750, 105)	'iami'	11464
14207	(102, 14160)	'flix'	11504
14208	(618, 155)	'ớ'	11517
14209	(750, 158)	'坞'	11523
14210	(285, 4543)	'esville'	11561
14211	(658, 145)	'镑'	11563
14212	(2455, 515)	'ength'	11572
14213	(764, 865)	'与此'	11589
14214	(864, 184)	'ቸ'	11594
14215	(112, 4523)	'paper'	11622
14216	(157, 188)	b'\x9d\xbc'	11679
14217	(2552, 258)	' Clin'	11716
14218	(782, 326)	'raid'	11720
14219	(354, 6549)	' Saud'	11722
14220	(7124, 8299)	' ridicul'	11725
14221	(14077, 2050)	'人民共和國'	11728
14222	(3480, 14209)	'莱坞'	11755
14223	(281, 102)	'isf'	11789
14224	(6899, 8674)	'地图搜索'	11790
14225	(522, 2382)	'abama'	11858
14226	(2364, 1940)	'奥巴'	11860
14227	(14172, 1829)	'adelph'	11862
14228	(5749, 499)	' circum'	11864
14229	(265, 485)	'onest'	11891
14230	(621, 301)	'allas'	11900
14231	(1951, 3025)	'nergy'	11940
14232	(635, 283)	'orting'	11942
14233	(464, 774)	' Div'	11955
14234	(2438, 643)	'velopment'	11960
14235	(641, 3055)	' Ont'	12000
14236	(2224, 14210)	'ottesville'	12188
14237	(105, 814)	'ivery'	12232
14238	(1178, 1221)	'安东'	12235
14239	(4747, 326)	'valid'	12258
14240	(14227, 738)	'adelphia'	12323
14241	(4706, 283)	'edding'	12364
14242	(4492, 108)	' Chel'	12373
14243	(1047, 158)	'莞'	12408
14244	(826, 844)	'性价'	12447
14245	(898, 141)	'積'	12459
14246	(793, 187)	'姻'	12482
14247	(6700, 2886)	'UNDAY'	12499
14248	(286, 2285)	' mari'	12515
14249	(321, 3875)	'stances'	12550
14250	(1244, 97)	'oola'	12574
14251	(2170, 108)	' confl'	12595
14252	(544, 7292)	' franch'	12596
14253	(4153, 283)	'erring'	12629
14254	(5763, 172)	'瞬'	12654
14255	(318, 782)	' Ira'	12706
14256	(8126, 110)	'lynn'	12731
14257	(2339, 1110)	'索尔'	12758
14258	(579, 562)	'学金'	12826
14259	(2469, 2886)	'ONDAY'	12827
14260	(239, 189)	b'\xef\xbd'	12857
14261	(6166, 275)	'etroit'	12949
14262	(108, 310)	'lom'	12952
14263	(718, 181)	'践'	13008
14264	(10334, 7971)	b'\x95\xe1\x80\xab\xe1\x80\x90\xe1\x80'	13096
14265	(637, 728)	'ivered'	13179
14266	(6373, 2241)	'juana'	13183
14267	(707, 176)	'汰'	13254
14268	(294, 6143)	' antic'	13352
14269	(1544, 1110)	'爱尔'	13427
14270	(807, 185)	'苹'	13642
14271	(3987, 759)	'ermine'	13985
