12000	(131, 189)	b'\x83\xbd'	417
12001	(313, 39)	" I'"	715
12002	(439, 315)	'ople'	822
12003	(336, 99)	' bec'	950
12004	(717, 49)	' 201'	1094
12005	(73, 39)	"I'"	1356
12006	(935, 1399)	' includ'	1559
12007	(1262, 315)	' proble'	2034
12008	(369, 1880)	' Americ'	2050
12009	(268, 308)	' wom'	2131
12010	(499, 1329)	' produ'	2140
12011	(286, 1098)	' mov'	2216
12012	(311, 686)	' giv'	2235
12013	(645, 101)	' spe'	2362
12014	(935, 262)	' incre'	2397
12015	(518, 673)	' vide'	2585
12016	(556, 974)	' chang'	2857
12017	(811, 322)	'itely'	3248
12018	(294, 364)	' hig'	3343
12019	(293, 1529)	' toget'	3447
12020	(521, 1968)	' sugg'	3565
12021	(118, 1944)	'vices'	3570
12022	(1519, 141)	'্'	3592
12023	(141, 772)	b'\x8d\xe0\xaa'	4099
12024	(961, 101)	' dise'	4364
12025	(556, 577)	' chall'	4428
12026	(2967, 1179)	'nesday'	4485
12027	(436, 110)	'hern'	4538
12028	(2545, 3008)	' opportun'	4568
12029	(2104, 3566)	'人民共和'	4608
12030	(288, 2067)	'ederal'	4748
12031	(284, 4099)	' piec'	4852
12032	(12003, 308)	' becom'	5013
12033	(177, 1670)	b'\xb1\xe4\xb9\x90'	5105
12034	(2507, 104)	' veh'	5258
12035	(1387, 128)	'础'	5280
12036	(1576, 2413)	'ccording'	5349
12037	(673, 640)	'idered'	5462
12038	(1790, 118)	' obv'	5485
12039	(544, 1836)	'来越'	5652
12040	(239, 189)	b'\xef\xbd'	5757
12041	(404, 579)	' weap'	5779
12042	(2660, 939)	' behav'	5840
12043	(947, 2648)	'西班'	5868
12044	(294, 2401)	' htt'	5925
12045	(537, 103)	' deg'	5990
12046	(3193, 1179)	'ursday'	6138
12047	(1038, 971)	'ruary'	6362
12048	(493, 450)	' neigh'	6368
12049	(314, 179)	'圳'	6442
12050	(235, 138)	b'\xeb\x8a'	6740
12051	(1993, 161)	'葡'	6919
12052	(1429, 177)	'ੱ'	6940
12053	(109, 847)	'mber'	7074
12054	(12029, 433)	'人民共和国'	7168
12055	(109, 859)	'mpt'	7216
12056	(1055, 132)	'萄'	7264
12057	(855, 2186)	'加拿'	7353
12058	(970, 12053)	'ovember'	7367
12059	(882, 162)	'恢'	7570
12060	(233, 137)	b'\xe9\x89'	7810
12061	(12029, 1154)	'人民共和國'	7998
12062	(110, 3142)	'noon'	8086
12063	(401, 1179)	'terday'	8179
12064	(343, 1800)	'acters'	8190
12065	(1178, 841)	'色球'	8246
12066	(3732, 273)	' Flor'	8399
12067	(3081, 737)	' equip'	8619
12068	(3501, 4130)	'澳大利'	8740
12069	(305, 6762)	'icago'	8795
12070	(2131, 4622)	' determ'	9004
12071	(486, 2327)	'ategy'	9053
12072	(1500, 704)	' coff'	9223
12073	(986, 3330)	'意味'	9331
12074	(108, 95)	'l_'	9408
12075	(2930, 264)	'ackson'	9566
12076	(879, 155)	'睛'	9569
12077	(105, 3323)	'iams'	9760
12078	(598, 264)	'oston'	9962
12079	(457, 168)	'咨'	10002
12080	(2345, 277)	'dden'	10011
12081	(322, 4857)	'lymp'	10014
12082	(114, 605)	'rast'	10157
12083	(2327, 859)	'gypt'	10206
12084	(3389, 271)	' Commit'	10213
12085	(977, 133)	'墅'	10562
12086	(262, 1665)	'reland'	10588
12087	(4827, 172)	'瞬'	10668
12088	(268, 2715)	' www'	10701
12089	(407, 1049)	'ilty'	10801
12090	(362, 2936)	' Soci'	10809
12091	(273, 785)	'orage'	10823
12092	(1362, 120)	'lix'	10904
12093	(1854, 108)	' confl'	11109
12094	(1708, 8202)	'林匹'	11234
12095	(2027, 12082)	' infrast'	11342
12096	(461, 150)	'怖'	11364
12097	(1775, 1139)	'ricult'	11434
12098	(720, 185)	'苹'	11456
12099	(1079, 7608)	'水扁'	11562
