12000	(131, 189)	b'\x83\xbd'	417
12001	(313, 39)	" I'"	715
12002	(439, 315)	'ople'	822
12003	(231, 174)	b'\xe7\xae'	825
12004	(336, 99)	' bec'	950
12005	(717, 49)	' 201'	1094
12006	(73, 39)	"I'"	1356
12007	(934, 1398)	' includ'	1559
12008	(461, 142)	'怎'	1687
12009	(1261, 315)	' proble'	2034
12010	(369, 1878)	' Americ'	2050
12011	(268, 308)	' wom'	2131
12012	(499, 1328)	' produ'	2140
12013	(338, 115)	' iss'	2195
12014	(286, 1097)	' mov'	2216
12015	(311, 686)	' giv'	2235
12016	(301, 291)	' lar'	2292
12017	(645, 101)	' spe'	2362
12018	(296, 139)	'朋'	2373
12019	(934, 262)	' incre'	2397
12020	(301, 575)	' lear'	2434
12021	(518, 673)	' vide'	2585
12022	(510, 172)	'括'	2747
12023	(556, 973)	' chang'	2857
12024	(294, 552)	' hist'	2866
12025	(375, 264)	'iron'	3029
12026	(811, 322)	'itely'	3248
12027	(294, 364)	' hig'	3343
12028	(232, 152)	b'\xe8\x98'	3413
12029	(869, 335)	'onday'	3435
12030	(293, 1528)	' toget'	3447
12031	(490, 368)	' sever'	3465
12032	(284, 1210)	' pict'	3552
12033	(521, 1966)	' sugg'	3565
12034	(118, 1942)	'vices'	3570
12035	(1518, 141)	'্'	3592
12036	(1258, 121)	'ully'	3655
12037	(117, 322)	'uly'	3897
12038	(310, 380)	' nec'	3917
12039	(503, 1977)	' Russ'	3929
12040	(1269, 144)	'荐'	3934
12041	(45, 1223)	'-old'	4033
12042	(3443, 1350)	'ividual'	4066
12043	(233, 142)	b'\xe9\x8e'	4086
12044	(141, 772)	b'\x8d\xe0\xaa'	4099
12045	(1636, 1178)	'uesday'	4102
12046	(286, 1134)	' mater'	4147
12047	(518, 1210)	' vict'	4151
12048	(413, 911)	'大利'	4154
12049	(1014, 343)	' teac'	4241
12050	(462, 288)	' Wed'	4292
12051	(960, 101)	' dise'	4364
12052	(114, 1210)	'rict'	4375
12053	(1833, 271)	' Brit'	4391
12054	(1810, 407)	'pril'	4397
12055	(556, 577)	' chall'	4428
12056	(2959, 1178)	'nesday'	4485
12057	(362, 1550)	' Sund'	4491
12058	(436, 110)	'hern'	4538
12059	(2539, 3000)	' opportun'	4568
12060	(788, 272)	' compan'	4569
12061	(2102, 3553)	'人民共和'	4608
12062	(2423, 288)	'duced'	4627
12063	(288, 2065)	'ederal'	4748
12064	(750, 190)	'ா'	4753
12065	(3749, 1773)	' Afric'	4815
12066	(97, 1002)	'aign'	4820
12067	(284, 4077)	' piec'	4852
12068	(2509, 1178)	'aturday'	4948
12069	(1005, 1401)	' Intern'	4968
12070	(12004, 308)	' becom'	5013
12071	(264, 358)	'onse'	5057
12072	(4065, 2432)	' Austral'	5076
12073	(177, 1669)	b'\xb1\xe4\xb9\x90'	5105
12074	(99, 407)	'cil'	5117
12075	(3342, 2168)	'elebr'	5129
12076	(300, 1198)	'asons'	5179
12077	(497, 99)	' doc'	5203
12078	(2501, 104)	' veh'	5258
12079	(1386, 128)	'础'	5280
12080	(371, 754)	' stra'	5344
12081	(1575, 2408)	'ccording'	5349
12082	(928, 1949)	'hington'	5380
12083	(395, 721)	' Mich'	5444
12084	(673, 640)	'idered'	5462
12085	(3709, 290)	'ournal'	5468
12086	(1788, 118)	' obv'	5485
12087	(100, 315)	'dle'	5587
12088	(4043, 416)	' Calif'	5627
12089	(544, 1834)	'来越'	5652
12090	(2836, 726)	'ructure'	5665
12091	(1285, 331)	'upid'	5684
12092	(239, 189)	b'\xef\xbd'	5757
12093	(404, 579)	' weap'	5779
12094	(2654, 938)	' behav'	5840
12095	(2068, 735)	'ornia'	5863
12096	(262, 4089)	'reci'	5866
12097	(946, 2642)	'西班'	5868
12098	(497, 309)	' doll'	5877
12099	(887, 141)	'積'	5906
12100	(294, 2396)	' htt'	5925
12101	(754, 505)	'rael'	5989
12102	(537, 103)	' deg'	5990
12103	(869, 264)	'ondon'	5995
12104	(533, 153)	'浙'	6032
12105	(3184, 1178)	'ursday'	6138
12106	(1213, 101)	'tee'	6153
12107	(502, 181)	'呵'	6229
12108	(4069, 764)	'ufact'	6267
12109	(1037, 1966)	'rugg'	6355
12110	(1037, 970)	'ruary'	6362
12111	(493, 450)	' neigh'	6368
12112	(233, 144)	b'\xe9\x90'	6434
12113	(314, 179)	'圳'	6442
12114	(1692, 138)	'腊'	6447
12115	(2061, 101)	'inese'	6463
12116	(4038, 121)	'razy'	6514
12117	(1550, 640)	'undred'	6536
12118	(479, 308)	'andom'	6674
12119	(175, 729)	b'\xaf\xe0\xa6'	6721
12120	(235, 138)	b'\xeb\x8a'	6740
12121	(407, 601)	'ilies'	6800
12122	(121, 869)	'yond'	6863
12123	(1991, 161)	'葡'	6919
12124	(1428, 177)	'ੱ'	6940
12125	(379, 1482)	' Coun'	6984
12126	(2554, 3846)	' researc'	7013
12127	(109, 846)	'mber'	7074
12128	(1058, 99)	'merc'	7076
12129	(375, 2207)	'irmed'	7079
12130	(2742, 272)	'echan'	7149
12131	(12061, 433)	'人民共和国'	7168
12132	(573, 269)	' plat'	7183
12133	(352, 2016)	' Tex'	7191
12134	(109, 858)	'mpt'	7216
12135	(734, 5697)	'uclear'	7245
12136	(1054, 132)	'萄'	7264
12137	(12123, 12136)	'葡萄'	7278
12138	(854, 2183)	'加拿'	7353
12139	(969, 12127)	'ovember'	7367
12140	(98, 484)	'bum'	7368
12141	(294, 470)	' hus'	7455
12142	(2665, 345)	' Canad'	7531
12143	(2559, 5534)	'cohol'	7563
12144	(881, 162)	'恢'	7570
12145	(101, 2172)	'eared'	7626
12146	(2727, 546)	' advant'	7669
12147	(1481, 12134)	' sympt'	7712
12148	(2543, 892)	'密度'	7806
12149	(233, 137)	b'\xe9\x89'	7810
12150	(487, 12128)	' commerc'	7882
12151	(1006, 375)	' Vir'	7918
12152	(593, 2992)	' traff'	7935
12153	(401, 109)	'term'	7963
12154	(475, 161)	'贡'	7969
12155	(2847, 477)	'ength'	7981
12156	(12061, 1153)	'人民共和國'	7998
12157	(3102, 6292)	'的一个市镇'	8003
12158	(4015, 6323)	'的一個市鎮'	8007
12159	(1448, 264)	'azon'	8010
12160	(292, 903)	' dire'	8043
12161	(365, 170)	'绪'	8067
12162	(110, 3133)	'noon'	8086
12163	(401, 1178)	'terday'	8179
12164	(343, 1798)	'acters'	8190
12165	(1177, 840)	'色球'	8246
12166	(644, 160)	'渠'	8270
12167	(114, 678)	'round'	8291
12168	(5212, 318)	'underst'	8365
12169	(3718, 273)	' Flor'	8399
12170	(534, 270)	' Lou'	8437
12171	(2266, 1277)	' Franc'	8617
12172	(3072, 737)	' equip'	8619
12173	(107, 327)	'ket'	8624
12174	(433, 1325)	'国务'	8658
12175	(3489, 12048)	'澳大利'	8740
12176	(3668, 288)	' freed'	8750
12177	(1347, 4293)	'联储'	8770
12178	(305, 6691)	'icago'	8795
12179	(281, 290)	' fal'	8802
12180	(472, 552)	' Dist'	8873
12181	(2318, 443)	' laun'	8898
12182	(2208, 343)	' capac'	8903
12183	(291, 546)	'arant'	8935
12184	(2129, 4589)	' determ'	9004
12185	(486, 2323)	'ategy'	9053
12186	(12151, 2878)	' Virgin'	9071
12187	(5701, 329)	'cellent'	9092
12188	(668, 157)	'曝'	9106
12189	(1364, 1599)	'ossible'	9123
12190	(3927, 315)	'iddle'	9191
12191	(4229, 291)	'iliar'	9220
12192	(1499, 704)	' coff'	9223
12193	(985, 3321)	'意味'	9331
12194	(1326, 278)	' cris'	9357
12195	(108, 95)	'l_'	9408
12196	(2111, 121)	'gery'	9439
12197	(1344, 850)	'太平'	9448
12198	(464, 785)	'riage'	9469
12199	(278, 102)	'isf'	9506
12200	(512, 811)	'osite'	9553
12201	(2922, 264)	'ackson'	9566
12202	(65, 119)	'Aw'	9567
12203	(878, 155)	'睛'	9569
12204	(1313, 111)	'onto'	9626
12205	(557, 2423)	' Educ'	9674
12206	(261, 136)	'丈'	9737
12207	(754, 331)	'raid'	9739
12208	(104, 2396)	'htt'	9744
12209	(863, 175)	'涯'	9746
12210	(3882, 424)	' Carol'	9749
12211	(105, 3314)	'iams'	9760
12212	(438, 104)	' ath'	9765
12213	(1768, 316)	'ashion'	9768
12214	(3709, 3562)	'ournament'	9812
12215	(80, 424)	'Pol'	9830
12216	(438, 109)	' atm'	9859
12217	(598, 264)	'oston'	9962
12218	(235, 161)	b'\xeb\xa1'	9970
12219	(457, 168)	'咨'	10002
12220	(2341, 277)	'dden'	10011
12221	(322, 4821)	'lymp'	10014
12222	(3116, 1877)	' Develop'	10017
12223	(2485, 12173)	' basket'	10021
12224	(325, 105)	'oti'	10108
12225	(74, 111)	'Jo'	10133
12226	(3095, 68)	'ORD'	10141
12227	(114, 605)	'rast'	10157
12228	(2323, 858)	'gypt'	10206
12229	(3380, 271)	' Commit'	10213
12230	(4405, 484)	' circum'	10233
12231	(443, 1213)	'unte'	10295
12232	(264, 466)	'onest'	10314
12233	(5418, 112)	' persp'	10351
12234	(764, 322)	'actly'	10376
12235	(1006, 1497)	' Veg'	10400
12236	(6295, 6372)	' ridicul'	10418
12237	(6927, 468)	' schedul'	10517
12238	(976, 133)	'墅'	10562
12239	(262, 1664)	'reland'	10588
12240	(3085, 120)	' approx'	10597
12241	(4791, 172)	'瞬'	10668
12242	(268, 2709)	' www'	10701
12243	(407, 1048)	'ilty'	10801
12244	(362, 2928)	' Soci'	10809
12245	(273, 785)	'orage'	10823
12246	(1361, 120)	'lix'	10904
12247	(1852, 108)	' confl'	11109
12248	(4038, 407)	'razil'	11114
12249	(1706, 8102)	'林匹'	11234
12250	(2025, 12227)	' infrast'	11342
12251	(461, 150)	'怖'	11364
12252	(1773, 1138)	'ricult'	11434
12253	(720, 185)	'苹'	11456
12254	(1078, 7522)	'水扁'	11562
12255	(854, 7795)	'加坡'	11951
