12000	(131, 189)	b'\x83\xbd'	417
12001	(313, 39)	" I'"	715
12002	(439, 315)	'ople'	822
12003	(336, 99)	' bec'	950
12004	(717, 49)	' 201'	1094
12005	(73, 39)	"I'"	1356
12006	(935, 1399)	' includ'	1559
12007	(461, 142)	'怎'	1687
12008	(1262, 315)	' proble'	2034
12009	(369, 1879)	' Americ'	2050
12010	(268, 308)	' wom'	2131
12011	(499, 1329)	' produ'	2140
12012	(286, 1098)	' mov'	2216
12013	(311, 686)	' giv'	2235
12014	(645, 101)	' spe'	2362
12015	(935, 262)	' incre'	2397
12016	(301, 575)	' lear'	2434
12017	(518, 673)	' vide'	2585
12018	(556, 974)	' chang'	2857
12019	(294, 552)	' hist'	2866
12020	(375, 264)	'iron'	3029
12021	(811, 322)	'itely'	3248
12022	(294, 364)	' hig'	3343
12023	(870, 335)	'onday'	3435
12024	(293, 1529)	' toget'	3447
12025	(490, 368)	' sever'	3465
12026	(521, 1967)	' sugg'	3565
12027	(118, 1943)	'vices'	3570
12028	(1519, 141)	'্'	3592
12029	(310, 380)	' nec'	3917
12030	(3449, 1351)	'ividual'	4066
12031	(233, 142)	b'\xe9\x8e'	4086
12032	(141, 772)	b'\x8d\xe0\xaa'	4099
12033	(1637, 1179)	'uesday'	4102
12034	(413, 912)	'大利'	4154
12035	(1015, 343)	' teac'	4241
12036	(961, 101)	' dise'	4364
12037	(556, 577)	' chall'	4428
12038	(2964, 1179)	'nesday'	4485
12039	(362, 1551)	' Sund'	4491
12040	(436, 110)	'hern'	4538
12041	(2543, 3005)	' opportun'	4568
12042	(2103, 3560)	'人民共和'	4608
12043	(2427, 288)	'duced'	4627
12044	(288, 2066)	'ederal'	4748
12045	(750, 190)	'ா'	4753
12046	(3757, 1774)	' Afric'	4815
12047	(97, 1003)	'aign'	4820
12048	(284, 4089)	' piec'	4852
12049	(2513, 1179)	'aturday'	4948
12050	(1006, 1402)	' Intern'	4968
12051	(12003, 308)	' becom'	5013
12052	(4077, 2436)	' Austral'	5076
12053	(177, 1670)	b'\xb1\xe4\xb9\x90'	5105
12054	(99, 407)	'cil'	5117
12055	(300, 1199)	'asons'	5179
12056	(2505, 104)	' veh'	5258
12057	(1387, 128)	'础'	5280
12058	(371, 754)	' stra'	5344
12059	(1576, 2412)	'ccording'	5349
12060	(929, 1950)	'hington'	5380
12061	(673, 640)	'idered'	5462
12062	(3717, 290)	'ournal'	5468
12063	(1789, 118)	' obv'	5485
12064	(544, 1835)	'来越'	5652
12065	(239, 189)	b'\xef\xbd'	5757
12066	(404, 579)	' weap'	5779
12067	(2658, 939)	' behav'	5840
12068	(2069, 735)	'ornia'	5863
12069	(947, 2646)	'西班'	5868
12070	(497, 309)	' doll'	5877
12071	(294, 2400)	' htt'	5925
12072	(537, 103)	' deg'	5990
12073	(870, 264)	'ondon'	5995
12074	(533, 153)	'浙'	6032
12075	(3189, 1179)	'ursday'	6138
12076	(1214, 101)	'tee'	6153
12077	(502, 181)	'呵'	6229
12078	(1038, 1967)	'rugg'	6355
12079	(1038, 971)	'ruary'	6362
12080	(493, 450)	' neigh'	6368
12081	(233, 144)	b'\xe9\x90'	6434
12082	(314, 179)	'圳'	6442
12083	(1693, 138)	'腊'	6447
12084	(4050, 121)	'razy'	6514
12085	(1551, 640)	'undred'	6536
12086	(175, 729)	b'\xaf\xe0\xa6'	6721
12087	(235, 138)	b'\xeb\x8a'	6740
12088	(407, 601)	'ilies'	6800
12089	(121, 870)	'yond'	6863
12090	(1992, 161)	'葡'	6919
12091	(1429, 177)	'ੱ'	6940
12092	(109, 847)	'mber'	7074
12093	(2747, 272)	'echan'	7149
12094	(12042, 433)	'人民共和国'	7168
12095	(352, 2017)	' Tex'	7191
12096	(109, 859)	'mpt'	7216
12097	(1055, 132)	'萄'	7264
12098	(855, 2185)	'加拿'	7353
12099	(970, 12092)	'ovember'	7367
12100	(98, 484)	'bum'	7368
12101	(294, 470)	' hus'	7455
12102	(882, 162)	'恢'	7570
12103	(1482, 12096)	' sympt'	7712
12104	(233, 137)	b'\xe9\x89'	7810
12105	(401, 109)	'term'	7963
12106	(475, 161)	'贡'	7969
12107	(12042, 1154)	'人民共和國'	7998
12108	(365, 170)	'绪'	8067
12109	(110, 3138)	'noon'	8086
12110	(401, 1179)	'terday'	8179
12111	(343, 1799)	'acters'	8190
12112	(1178, 841)	'色球'	8246
12113	(114, 678)	'round'	8291
12114	(5234, 318)	'underst'	8365
12115	(3726, 273)	' Flor'	8399
12116	(3077, 737)	' equip'	8619
12117	(433, 1326)	'国务'	8658
12118	(3495, 12034)	'澳大利'	8740
12119	(3676, 288)	' freed'	8750
12120	(1348, 4308)	'联储'	8770
12121	(305, 6724)	'icago'	8795
12122	(2210, 343)	' capac'	8903
12123	(2130, 4608)	' determ'	9004
12124	(486, 2326)	'ategy'	9053
12125	(7813, 2883)	' Virgin'	9071
12126	(1365, 1600)	'ossible'	9123
12127	(4243, 291)	'iliar'	9220
12128	(1500, 704)	' coff'	9223
12129	(986, 3326)	'意味'	9331
12130	(1327, 278)	' cris'	9357
12131	(108, 95)	'l_'	9408
12132	(2112, 121)	'gery'	9439
12133	(278, 102)	'isf'	9506
12134	(512, 811)	'osite'	9553
12135	(2927, 264)	'ackson'	9566
12136	(879, 155)	'睛'	9569
12137	(1314, 111)	'onto'	9626
12138	(557, 2427)	' Educ'	9674
12139	(261, 136)	'丈'	9737
12140	(754, 331)	'raid'	9739
12141	(104, 2400)	'htt'	9744
12142	(105, 3319)	'iams'	9760
12143	(3717, 3569)	'ournament'	9812
12144	(598, 264)	'oston'	9962
12145	(235, 161)	b'\xeb\xa1'	9970
12146	(457, 168)	'咨'	10002
12147	(2344, 277)	'dden'	10011
12148	(322, 4840)	'lymp'	10014
12149	(3121, 1878)	' Develop'	10017
12150	(325, 105)	'oti'	10108
12151	(74, 111)	'Jo'	10133
12152	(3100, 68)	'ORD'	10141
12153	(114, 605)	'rast'	10157
12154	(2326, 859)	'gypt'	10206
12155	(3385, 271)	' Commit'	10213
12156	(4423, 484)	' circum'	10233
12157	(443, 1214)	'unte'	10295
12158	(5441, 112)	' persp'	10351
12159	(1007, 1498)	' Veg'	10400
12160	(6326, 6404)	' ridicul'	10418
12161	(977, 133)	'墅'	10562
12162	(262, 1665)	'reland'	10588
12163	(3090, 120)	' approx'	10597
12164	(4810, 172)	'瞬'	10668
12165	(268, 2713)	' www'	10701
12166	(407, 1049)	'ilty'	10801
12167	(362, 2933)	' Soci'	10809
12168	(273, 785)	'orage'	10823
12169	(1362, 120)	'lix'	10904
12170	(1853, 108)	' confl'	11109
12171	(4050, 407)	'razil'	11114
12172	(1707, 8155)	'林匹'	11234
12173	(2026, 12153)	' infrast'	11342
12174	(461, 150)	'怖'	11364
12175	(1774, 1139)	'ricult'	11434
12176	(720, 185)	'苹'	11456
12177	(1079, 7565)	'水扁'	11562
12178	(855, 7843)	'加坡'	11951
