18000	(131, 189)	b'\x83\xbd'	417
18001	(439, 315)	'ople'	822
18002	(718, 49)	' 201'	1094
18003	(936, 1402)	' includ'	1559
18004	(1349, 825)	' differe'	1612
18005	(1264, 315)	' proble'	2034
18006	(499, 1331)	' produ'	2140
18007	(286, 1100)	' mov'	2216
18008	(311, 686)	' giv'	2235
18009	(904, 351)	' contro'	2651
18010	(294, 364)	' hig'	3343
18011	(293, 1532)	' toget'	3447
18012	(1409, 424)	' invol'	3553
18013	(521, 1970)	' sugg'	3565
18014	(1522, 141)	'্'	3592
18015	(1414, 463)	' indust'	3713
18016	(380, 960)	'ecause'	3837
18017	(141, 773)	b'\x8d\xe0\xaa'	4099
18018	(963, 101)	' dise'	4364
18019	(2551, 3015)	' opportun'	4568
18020	(2107, 3574)	'人民共和'	4608
18021	(284, 4105)	' piec'	4852
18022	(301, 4102)	' langu'	4966
18023	(1679, 259)	' opin'	4978
18024	(948, 308)	' becom'	5013
18025	(177, 1672)	b'\xb1\xe4\xb9\x90'	5105
18026	(1323, 445)	' attem'	5134
18027	(3313, 2253)	'ospital'	5213
18028	(2513, 104)	' veh'	5258
18029	(1390, 128)	'础'	5280
18030	(1579, 2419)	'ccording'	5349
18031	(673, 640)	'idered'	5462
18032	(1792, 118)	' obv'	5485
18033	(794, 4816)	' immedi'	5487
18034	(380, 357)	'ecut'	5607
18035	(544, 1838)	'来越'	5652
18036	(1683, 278)	'ysis'	5686
18037	(239, 189)	b'\xef\xbd'	5757
18038	(404, 579)	' weap'	5779
18039	(2666, 940)	' behav'	5840
18040	(949, 2654)	'西班'	5868
18041	(294, 2407)	' htt'	5925
18042	(2813, 112)	' purp'	6128
18043	(226, 152)	b'\xe2\x98'	6245
18044	(4363, 278)	' epis'	6356
18045	(298, 733)	' thous'	6360
18046	(493, 450)	' neigh'	6368
18047	(314, 179)	'圳'	6442
18048	(235, 138)	b'\xeb\x8a'	6740
18049	(1432, 177)	'ੱ'	6940
18050	(1647, 3640)	'efully'	6981
18051	(978, 1211)	' sched'	7054
18052	(5287, 110)	' _n'	7141
18053	(18020, 433)	'人民共和国'	7168
18054	(1057, 132)	'萄'	7264
18055	(185, 163)	b'\xb9\xa3'	7554
18056	(936, 640)	' incred'	7844
18057	(18020, 1156)	'人民共和國'	7998
18058	(343, 1802)	'acters'	8190
18059	(799, 2229)	'ionship'	8210
18060	(1180, 842)	'色球'	8246
18061	(2262, 278)	' legis'	8407
18062	(273, 3410)	'orney'	8761
18063	(305, 683)	'icine'	8828
18064	(779, 445)	' enem'	9155
18065	(912, 7106)	' pregn'	9308
18066	(108, 95)	'l_'	9408
18067	(457, 168)	'咨'	10002
18068	(2349, 277)	'dden'	10011
18069	(3397, 271)	' Commit'	10213
18070	(936, 273)	' incor'	10288
18071	(2441, 121)	'appy'	10379
18072	(345, 2913)	'adium'	10384
18073	(1365, 3583)	'liament'	10419
18074	(262, 1667)	'reland'	10588
18075	(102, 6855)	'fortunately'	10749
18076	(407, 1051)	'ilty'	10801
18077	(1710, 8207)	'林匹'	11234
18078	(2029, 10088)	' infrast'	11342
18079	(461, 150)	'怖'	11364
18080	(1777, 1141)	'ricult'	11434
18081	(721, 185)	'苹'	11456
18082	(1081, 7612)	'水扁'	11562
18083	(709, 176)	'晰'	11672
18084	(5281, 131)	'璃'	11774
18085	(308, 891)	'ompl'	11780
18086	(3021, 1946)	'ervices'	11817
18087	(105, 724)	'ivery'	11830
18088	(856, 7891)	'加坡'	11951
18089	(597, 18025)	'俱乐'	12052
18090	(294, 3309)	' hilar'	12262
18091	(1257, 131)	'垃'	12285
18092	(314, 190)	'圾'	12346
18093	(9103, 5764)	'rizona'	12528
18094	(916, 129)	'胁'	12684
18095	(685, 1984)	'经销'	12735
18096	(532, 2417)	'家宝'	12797
18097	(1644, 627)	'季后'	12828
18098	(4309, 148)	'織'	12831
18099	(572, 640)	'ivered'	12915
18100	(708, 170)	'肪'	13020
18101	(270, 6841)	'ouston'	13103
18102	(68, 4187)	'DII'	13174
18103	(2879, 10446)	'iverpool'	13182
18104	(481, 2818)	'abama'	13184
18105	(324, 153)	'宙'	13260
18106	(991, 2080)	'样板'	13315
18107	(11905, 1735)	'adelph'	13334
18108	(1629, 1098)	'传感'	13378
18109	(755, 113)	'raq'	13475
18110	(2124, 629)	'ername'	13531
18111	(337, 172)	'尬'	13564
18112	(2397, 4233)	' Zeal'	13616
18113	(2022, 137)	'築'	13633
18114	(6849, 190)	'憾'	13763
18115	(18107, 736)	'adelphia'	13813
18116	(5098, 105)	'iami'	13849
18117	(4563, 6296)	'胡锦'	13873
18118	(4605, 885)	'羅斯'	13975
18119	(814, 158)	'坞'	13985
18120	(117, 683)	'uine'	14005
18121	(12133, 6032)	'仅供参考'	14006
18122	(3088, 4511)	' equival'	14104
18123	(337, 180)	'尴'	14115
18124	(1806, 1442)	'巴马'	14171
18125	(5602, 83)	'URS'	14252
18126	(7860, 3844)	'RIDAY'	14253
18127	(8275, 871)	'respond'	14317
18128	(7938, 271)	'etroit'	14391
18129	(2169, 932)	'tenance'	14407
18130	(18106, 921)	'样板间'	14429
18131	(2402, 5562)	'scribe'	14433
18132	(548, 1096)	'resents'	14524
18133	(521, 99)	' suc'	14537
18134	(18125, 3844)	'URSDAY'	14556
18135	(457, 150)	'咖'	14587
18136	(959, 187)	'锻'	14589
18137	(292, 9459)	' dipl'	14600
18138	(3924, 18119)	'莱坞'	14615
18139	(481, 3459)	'abeth'	14637
18140	(398, 951)	'中关'	14684
18141	(46, 5785)	'.TH'	14694
18142	(424, 277)	'olen'	14708
18143	(919, 6663)	'相册'	14822
18144	(2642, 5602)	'ATUR'	14828
18145	(2974, 5545)	'nesota'	14855
18146	(112, 95)	'p_'	14904
18147	(104, 1117)	'hors'	14913
18148	(4439, 108)	' Chel'	14921
18149	(719, 176)	'汰'	14949
18150	(878, 1001)	'与此'	14985
18151	(7608, 2623)	'juana'	15123
18152	(1131, 158)	'莞'	15126
18153	(676, 145)	'镑'	15130
18154	(10636, 886)	'百分点'	15192
18155	(1367, 1178)	'爱尔'	15205
18156	(3388, 12395)	'洛杉'	15208
18157	(18144, 3844)	'ATURDAY'	15227
18158	(1203, 1194)	'安东'	15266
18159	(275, 11543)	' củ'	15286
18160	(283, 5083)	'esville'	15361
18161	(800, 161)	'啡'	15436
18162	(3030, 917)	'arrass'	15473
18163	(310, 3021)	' nerv'	15500
18164	(907, 1021)	'性价'	15540
18165	(424, 110)	'oln'	15573
18166	(793, 155)	'ớ'	15574
18167	(1150, 184)	'ቸ'	15698
18168	(7448, 885)	'穆斯'	15752
18169	(121, 4929)	'ygen'	15779
18170	(107, 1748)	'kward'	15784
18171	(157, 188)	b'\x9d\xbc'	15804
18172	(259, 447)	"in't"	15863
18173	(820, 18139)	'izabeth'	15878
18174	(4722, 331)	'valid'	15902
18175	(1314, 191)	'響'	15910
18176	(368, 1051)	'verty'	15918
18177	(8905, 10288)	'地图搜索'	15925
18178	(8965, 973)	'ibrary'	15934
18179	(1201, 259)	'onsin'	15970
18180	(513, 171)	'沫'	15974
18181	(761, 610)	'ellect'	15996
18182	(4486, 18179)	'isconsin'	16054
18183	(597, 130)	'係'	16098
18184	(308, 994)	'omach'	16155
18185	(816, 182)	'矶'	16197
18186	(2200, 142)	'擎'	16280
18187	(109, 3404)	'mony'	16314
18188	(2436, 18160)	'ottesville'	16339
18189	(1676, 188)	'撼'	16353
18190	(609, 675)	'学金'	16474
18191	(1763, 2023)	'阿根'	16495
18192	(7790, 949)	'墨西'	16525
18193	(2974, 7477)	'nessee'	16542
18194	(365, 142)	'绎'	16581
18195	(1102, 331)	' guid'	16636
18196	(4843, 278)	'inois'	16701
18197	(7383, 3844)	'UNDAY'	16718
18198	(1319, 4165)	'华盛'	16769
18199	(6440, 1051)	'iculty'	16791
18200	(3112, 18165)	'incoln'	16845
18201	(1172, 97)	'oola'	16891
18202	(108, 9296)	'lvan'	17040
18203	(1586, 309)	'avell'	17167
18204	(2336, 738)	'clip'	17175
18205	(1979, 611)	'ommod'	17351
18206	(2437, 5699)	'土耳'	17567
