18000	(131, 189)	b'\x83\xbd'	417
18001	(439, 315)	'ople'	822
18002	(336, 99)	' bec'	950
18003	(718, 49)	' 201'	1094
18004	(73, 39)	"I'"	1356
18005	(936, 1400)	' includ'	1559
18006	(1348, 825)	' differe'	1612
18007	(1263, 315)	' proble'	2034
18008	(499, 1330)	' produ'	2140
18009	(286, 1099)	' mov'	2216
18010	(311, 686)	' giv'	2235
18011	(904, 351)	' contro'	2651
18012	(556, 975)	' chang'	2857
18013	(2250, 308)	'conom'	3034
18014	(812, 322)	'itely'	3248
18015	(294, 364)	' hig'	3343
18016	(287, 1577)	' occ'	3346
18017	(293, 1530)	' toget'	3447
18018	(1407, 424)	' invol'	3553
18019	(521, 1968)	' sugg'	3565
18020	(1520, 141)	'্'	3592
18021	(1412, 463)	' indust'	3713
18022	(380, 959)	'ecause'	3837
18023	(553, 175)	'ု'	3889
18024	(141, 773)	b'\x8d\xe0\xaa'	4099
18025	(962, 101)	' dise'	4364
18026	(556, 577)	' chall'	4428
18027	(2549, 3012)	' opportun'	4568
18028	(2105, 3568)	'人民共和'	4608
18029	(1666, 1812)	' surpr'	4609
18030	(2308, 552)	'minist'	4823
18031	(284, 4098)	' piec'	4852
18032	(394, 3998)	'oogle'	4962
18033	(301, 4095)	' langu'	4966
18034	(424, 1916)	'olute'	4971
18035	(1677, 259)	' opin'	4978
18036	(297, 271)	' init'	4979
18037	(18002, 308)	' becom'	5013
18038	(177, 1670)	b'\xb1\xe4\xb9\x90'	5105
18039	(1322, 445)	' attem'	5134
18040	(3308, 2251)	'ospital'	5213
18041	(2511, 104)	' veh'	5258
18042	(1388, 128)	'础'	5280
18043	(1577, 2417)	'ccording'	5349
18044	(673, 640)	'idered'	5462
18045	(1790, 118)	' obv'	5485
18046	(794, 4806)	' immedi'	5487
18047	(380, 357)	'ecut'	5607
18048	(544, 1836)	'来越'	5652
18049	(1681, 278)	'ysis'	5686
18050	(239, 189)	b'\xef\xbd'	5757
18051	(404, 579)	' weap'	5779
18052	(2664, 940)	' behav'	5840
18053	(948, 2652)	'西班'	5868
18054	(294, 2405)	' htt'	5925
18055	(537, 103)	' deg'	5990
18056	(2811, 112)	' purp'	6128
18057	(3196, 1180)	'ursday'	6138
18058	(226, 152)	b'\xe2\x98'	6245
18059	(4356, 278)	' epis'	6356
18060	(298, 733)	' thous'	6360
18061	(493, 450)	' neigh'	6368
18062	(314, 179)	'圳'	6442
18063	(235, 138)	b'\xeb\x8a'	6740
18064	(1993, 161)	'葡'	6919
18065	(1430, 177)	'ੱ'	6940
18066	(1645, 3634)	'efully'	6981
18067	(977, 1210)	' sched'	7054
18068	(109, 848)	'mber'	7074
18069	(5274, 110)	' _n'	7141
18070	(18028, 433)	'人民共和国'	7168
18071	(1056, 132)	'萄'	7264
18072	(294, 733)	' hous'	7357
18073	(971, 18068)	'ovember'	7367
18074	(185, 163)	b'\xb9\xa3'	7554
18075	(412, 4511)	'outhern'	7614
18076	(606, 4511)	'orthern'	7717
18077	(936, 640)	' incred'	7844
18078	(1434, 111)	' smo'	7884
18079	(18028, 1155)	'人民共和國'	7998
18080	(401, 1180)	'terday'	8179
18081	(343, 1800)	'acters'	8190
18082	(799, 2227)	'ionship'	8210
18083	(1179, 842)	'色球'	8246
18084	(784, 325)	' clot'	8369
18085	(3733, 273)	' Flor'	8399
18086	(2260, 278)	' legis'	8407
18087	(111, 724)	'overy'	8534
18088	(611, 335)	'oday'	8564
18089	(3084, 738)	' equip'	8619
18090	(3503, 4129)	'澳大利'	8740
18091	(273, 3404)	'orney'	8761
18092	(305, 683)	'icine'	8828
18093	(2133, 4622)	' determ'	9004
18094	(779, 445)	' enem'	9155
18095	(912, 7089)	' pregn'	9308
18096	(108, 95)	'l_'	9408
18097	(2934, 264)	'ackson'	9566
18098	(880, 155)	'睛'	9569
18099	(598, 264)	'oston'	9962
18100	(457, 168)	'咨'	10002
18101	(2347, 277)	'dden'	10011
18102	(322, 4857)	'lymp'	10014
18103	(2329, 860)	'gypt'	10206
18104	(3391, 271)	' Commit'	10213
18105	(936, 273)	' incor'	10288
18106	(2439, 121)	'appy'	10379
18107	(345, 2910)	'adium'	10384
18108	(1363, 3577)	'liament'	10419
18109	(978, 133)	'墅'	10562
18110	(262, 1665)	'reland'	10588
18111	(4827, 172)	'瞬'	10668
18112	(102, 6840)	'fortunately'	10749
18113	(407, 1050)	'ilty'	10801
18114	(362, 2940)	' Soci'	10809
18115	(1363, 120)	'lix'	10904
18116	(1854, 108)	' confl'	11109
18117	(4057, 407)	'razil'	11114
18118	(1708, 8184)	'林匹'	11234
18119	(1733, 300)	'phas'	11339
18120	(2027, 10054)	' infrast'	11342
18121	(461, 150)	'怖'	11364
18122	(1775, 1140)	'ricult'	11434
18123	(721, 185)	'苹'	11456
18124	(1080, 7592)	'水扁'	11562
18125	(816, 155)	'矛'	11575
18126	(1632, 407)	' phil'	11616
18127	(362, 1287)	' Sup'	11617
18128	(84, 5527)	'Tube'	11663
18129	(709, 176)	'晰'	11672
18130	(5268, 131)	'璃'	11774
18131	(308, 891)	'ompl'	11780
18132	(10128, 318)	' circumst'	11792
18133	(3018, 1944)	'ervices'	11817
18134	(518, 468)	' vul'	11824
18135	(105, 724)	'ivery'	11830
18136	(856, 7869)	'加坡'	11951
18137	(1506, 155)	' છ'	11985
18138	(345, 505)	'adel'	11994
18139	(485, 531)	' jour'	12007
18140	(597, 18038)	'俱乐'	12052
18141	(811, 187)	'姻'	12149
18142	(1261, 318)	' underst'	12180
18143	(8841, 3344)	'anchester'	12208
18144	(294, 3304)	' hilar'	12262
18145	(1256, 131)	'垃'	12285
18146	(314, 190)	'圾'	12346
18147	(1349, 1226)	'联网'	12389
18148	(4092, 264)	'regon'	12420
18149	(395, 3483)	' Muse'	12496
18150	(9073, 5751)	'rizona'	12528
18151	(1451, 860)	' empt'	12547
18152	(4943, 3738)	' Corpor'	12594
18153	(916, 129)	'胁'	12684
18154	(685, 1982)	'经销'	12735
18155	(731, 144)	'谐'	12743
18156	(532, 2415)	'家宝'	12797
18157	(1642, 627)	'季后'	12828
18158	(4302, 148)	'織'	12831
18159	(117, 920)	'uable'	12837
18160	(572, 640)	'ivered'	12915
18161	(5576, 282)	'edding'	12981
18162	(258, 2331)	'heme'	12996
18163	(708, 170)	'肪'	13020
18164	(7881, 6734)	' Academ'	13021
18165	(270, 6826)	'ouston'	13103
18166	(283, 1268)	'essel'	13128
18167	(1221, 799)	'issions'	13162
18168	(68, 4180)	'DII'	13174
18169	(2876, 10411)	'iverpool'	13182
18170	(481, 2816)	'abama'	13184
18171	(324, 153)	'宙'	13260
18172	(990, 2078)	'样板'	13315
18173	(18138, 1733)	'adelph'	13334
18174	(1627, 1097)	'传感'	13378
18175	(1052, 479)	'veland'	13424
18176	(284, 1496)	' phen'	13462
18177	(755, 113)	'raq'	13475
18178	(2122, 629)	'ername'	13531
18179	(8305, 486)	'ocolate'	13539
18180	(337, 172)	'尬'	13564
18181	(624, 564)	' Ont'	13567
18182	(2395, 4226)	' Zeal'	13616
18183	(2020, 137)	'築'	13633
18184	(856, 913)	'加利'	13641
18185	(6834, 190)	'憾'	13763
18186	(18173, 736)	'adelphia'	13813
18187	(5085, 105)	'iami'	13849
18188	(4555, 6281)	'胡锦'	13873
18189	(3153, 177)	'橱'	13875
18190	(292, 11915)	' downt'	13903
18191	(4596, 885)	'羅斯'	13975
18192	(814, 158)	'坞'	13985
18193	(117, 683)	'uine'	14005
18194	(12079, 6018)	'仅供参考'	14006
18195	(862, 410)	' acce'	14058
18196	(2946, 172)	'責'	14083
18197	(3084, 4503)	' equival'	14104
18198	(337, 180)	'尴'	14115
18199	(301, 1450)	' laz'	14136
18200	(2946, 160)	'負'	14148
18201	(2198, 148)	'擔'	14161
18202	(1804, 1440)	'巴马'	14171
18203	(301, 4409)	' lapt'	14208
18204	(5589, 83)	'URS'	14252
18205	(7838, 3838)	'RIDAY'	14253
18206	(8252, 871)	'respond'	14317
18207	(7916, 271)	'etroit'	14391
18208	(2167, 932)	'tenance'	14407
18209	(235, 166)	b'\xeb\xa6'	14426
18210	(18172, 921)	'样板间'	14429
18211	(2400, 5549)	'scribe'	14433
18212	(2519, 514)	'aturally'	14437
18213	(400, 5995)	'illiant'	14516
18214	(548, 1095)	'resents'	14524
18215	(1939, 119)	'thew'	14525
18216	(286, 2159)	' mari'	14534
18217	(521, 99)	' suc'	14537
18218	(18204, 3838)	'URSDAY'	14556
18219	(711, 181)	'践'	14576
18220	(457, 150)	'咖'	14587
18221	(1268, 504)	'seless'	14588
18222	(958, 187)	'锻'	14589
18223	(292, 9429)	' dipl'	14600
18224	(3917, 18192)	'莱坞'	14615
18225	(1994, 7244)	' franch'	14624
18226	(481, 3453)	'abeth'	14637
18227	(398, 950)	'中关'	14684
18228	(46, 5772)	'.TH'	14694
18229	(424, 277)	'olen'	14708
18230	(281, 755)	' fra'	14782
18231	(99, 1022)	'coin'	14798
18232	(1158, 640)	'wered'	14813
18233	(919, 6648)	'相册'	14822
18234	(2640, 5589)	'ATUR'	14828
18235	(2971, 5532)	'nesota'	14855
18236	(892, 470)	' unus'	14874
18237	(112, 95)	'p_'	14904
18238	(104, 1116)	'hors'	14913
18239	(4431, 108)	' Chel'	14921
18240	(719, 176)	'汰'	14949
18241	(466, 4175)	'estyle'	14975
18242	(878, 1000)	'与此'	14985
18243	(557, 4857)	' Emp'	15089
18244	(267, 300)	'eras'	15096
18245	(119, 5613)	'whel'	15104
18246	(7588, 2621)	'juana'	15123
18247	(1130, 158)	'莞'	15126
18248	(676, 145)	'镑'	15130
18249	(10599, 886)	'百分点'	15192
18250	(1365, 1177)	'爱尔'	15205
18251	(3382, 12339)	'洛杉'	15208
18252	(18234, 3838)	'ATURDAY'	15227
18253	(1202, 1193)	'安东'	15266
18254	(275, 11498)	' củ'	15286
18255	(283, 5070)	'esville'	15361
18256	(534, 893)	' Lew'	15371
18257	(509, 1659)	' Foot'	15421
18258	(800, 161)	'啡'	15436
18259	(5940, 464)	' Patri'	15469
18260	(3026, 917)	'arrass'	15473
18261	(310, 3018)	' nerv'	15500
18262	(907, 1020)	'性价'	15540
18263	(311, 269)	' gat'	15570
18264	(424, 110)	'oln'	15573
18265	(793, 155)	'ớ'	15574
18266	(116, 481)	'tab'	15625
18267	(7388, 1529)	'rieved'	15645
18268	(1149, 184)	'ቸ'	15698
18269	(7429, 885)	'穆斯'	15752
18270	(121, 4919)	'ygen'	15779
18271	(107, 1746)	'kward'	15784
18272	(157, 188)	b'\x9d\xbc'	15804
18273	(477, 3398)	'thony'	15847
18274	(259, 447)	"in't"	15863
18275	(820, 18226)	'izabeth'	15878
18276	(4713, 331)	'valid'	15902
18277	(856, 2648)	'加索'	15906
18278	(1313, 191)	'響'	15910
18279	(368, 1050)	'verty'	15918
18280	(8876, 10253)	'地图搜索'	15925
18281	(8935, 972)	'ibrary'	15934
18282	(1200, 259)	'onsin'	15970
18283	(513, 171)	'沫'	15974
18284	(761, 610)	'ellect'	15996
18285	(4478, 18282)	'isconsin'	16054
18286	(597, 130)	'係'	16098
18287	(308, 993)	'omach'	16155
18288	(816, 182)	'矶'	16197
18289	(2198, 142)	'擎'	16280
18290	(109, 3398)	'mony'	16314
18291	(2434, 18255)	'ottesville'	16339
18292	(1674, 188)	'撼'	16353
18293	(609, 675)	'学金'	16474
18294	(1761, 2021)	'阿根'	16495
18295	(7769, 948)	'墨西'	16525
18296	(103, 463)	'gust'	16540
18297	(2971, 7458)	'nessee'	16542
18298	(365, 142)	'绎'	16581
18299	(1101, 331)	' guid'	16636
18300	(4833, 278)	'inois'	16701
18301	(7364, 3838)	'UNDAY'	16718
18302	(1318, 4158)	'华盛'	16769
18303	(6425, 1050)	'iculty'	16791
18304	(3108, 18264)	'incoln'	16845
18305	(1171, 97)	'oola'	16891
18306	(108, 9266)	'lvan'	17040
18307	(1584, 309)	'avell'	17167
18308	(2334, 738)	'clip'	17175
18309	(1977, 611)	'ommod'	17351
18310	(2435, 5686)	'土耳'	17567
