18000	(131, 189)	b'\x83\xbd'	417
18001	(313, 39)	" I'"	715
18002	(439, 315)	'ople'	822
18003	(336, 99)	' bec'	950
18004	(717, 49)	' 201'	1094
18005	(73, 39)	"I'"	1356
18006	(284, 1021)	' poin'	1492
18007	(935, 1399)	' includ'	1559
18008	(1347, 824)	' differe'	1612
18009	(318, 445)	'stem'	1865
18010	(1262, 315)	' proble'	2034
18011	(369, 1877)	' Americ'	2050
18012	(268, 308)	' wom'	2131
18013	(499, 1329)	' produ'	2140
18014	(286, 1098)	' mov'	2216
18015	(311, 686)	' giv'	2235
18016	(645, 101)	' spe'	2362
18017	(845, 305)	' offic'	2368
18018	(935, 262)	' incre'	2397
18019	(960, 282)	'ording'	2428
18020	(518, 673)	' vide'	2585
18021	(903, 351)	' contro'	2651
18022	(556, 974)	' chang'	2857
18023	(375, 264)	'iron'	3029
18024	(2245, 308)	'conom'	3034
18025	(811, 322)	'itely'	3248
18026	(294, 364)	' hig'	3343
18027	(287, 1575)	' occ'	3346
18028	(293, 1528)	' toget'	3447
18029	(1406, 424)	' invol'	3553
18030	(521, 1965)	' sugg'	3565
18031	(118, 1941)	'vices'	3570
18032	(1518, 141)	'্'	3592
18033	(233, 188)	b'\xe9\xbc'	3683
18034	(1411, 463)	' indust'	3713
18035	(578, 591)	'artment'	3757
18036	(380, 958)	'ecause'	3837
18037	(3586, 591)	'vironment'	3882
18038	(553, 175)	'ု'	3889
18039	(141, 772)	b'\x8d\xe0\xaa'	4099
18040	(1635, 1179)	'uesday'	4102
18041	(1267, 1696)	'selves'	4133
18042	(961, 101)	' dise'	4364
18043	(662, 100)	' upd'	4408
18044	(556, 577)	' chall'	4428
18045	(2961, 1179)	'nesday'	4485
18046	(523, 183)	b' \xe0\xb7'	4531
18047	(436, 110)	'hern'	4538
18048	(2540, 3002)	' opportun'	4568
18049	(2101, 3556)	'人民共和'	4608
18050	(1664, 1810)	' surpr'	4609
18051	(2424, 288)	'duced'	4627
18052	(288, 2064)	'ederal'	4748
18053	(750, 190)	'ா'	4753
18054	(2303, 552)	'minist'	4823
18055	(284, 4082)	' piec'	4852
18056	(394, 3983)	'oogle'	4962
18057	(301, 4079)	' langu'	4966
18058	(1006, 1402)	' Intern'	4968
18059	(424, 1913)	'olute'	4971
18060	(1675, 259)	' opin'	4978
18061	(297, 271)	' init'	4979
18062	(18003, 308)	' becom'	5013
18063	(4070, 2433)	' Austral'	5076
18064	(177, 1668)	b'\xb1\xe4\xb9\x90'	5105
18065	(1321, 445)	' attem'	5134
18066	(300, 1199)	'asons'	5179
18067	(3297, 2246)	'ospital'	5213
18068	(2502, 104)	' veh'	5258
18069	(1387, 128)	'础'	5280
18070	(1575, 18019)	'ccording'	5349
18071	(686, 407)	'ivil'	5383
18072	(105, 2440)	'iety'	5438
18073	(673, 640)	'idered'	5462
18074	(1788, 118)	' obv'	5485
18075	(793, 4782)	' immedi'	5487
18076	(380, 357)	'ecut'	5607
18077	(328, 1329)	' redu'	5617
18078	(544, 1834)	'来越'	5652
18079	(1679, 278)	'ysis'	5686
18080	(1627, 315)	'rible'	5753
18081	(239, 189)	b'\xef\xbd'	5757
18082	(757, 18054)	' administ'	5777
18083	(404, 579)	' weap'	5779
18084	(2654, 939)	' behav'	5840
18085	(2067, 735)	'ornia'	5863
18086	(947, 2642)	'西班'	5868
18087	(294, 2397)	' htt'	5925
18088	(537, 103)	' deg'	5990
18089	(361, 162)	'询'	6077
18090	(2801, 112)	' purp'	6128
18091	(3185, 1179)	'ursday'	6138
18092	(398, 4216)	'中華'	6234
18093	(226, 152)	b'\xe2\x98'	6245
18094	(4339, 278)	' epis'	6356
18095	(298, 732)	' thous'	6360
18096	(1038, 971)	'ruary'	6362
18097	(493, 450)	' neigh'	6368
18098	(314, 179)	'圳'	6442
18099	(1692, 138)	'腊'	6447
18100	(235, 138)	b'\xeb\x8a'	6740
18101	(407, 601)	'ilies'	6800
18102	(1990, 161)	'葡'	6919
18103	(1429, 177)	'ੱ'	6940
18104	(1643, 3622)	'efully'	6981
18105	(391, 601)	'uries'	7023
18106	(976, 1209)	' sched'	7054
18107	(109, 847)	'mber'	7074
18108	(5247, 110)	' _n'	7141
18109	(18049, 433)	'人民共和国'	7168
18110	(109, 859)	'mpt'	7216
18111	(1055, 132)	'萄'	7264
18112	(855, 2183)	'加拿'	7353
18113	(294, 732)	' hous'	7357
18114	(275, 6279)	' citiz'	7366
18115	(970, 18107)	'ovember'	7367
18116	(98, 484)	'bum'	7368
18117	(185, 163)	b'\xb9\xa3'	7554
18118	(882, 162)	'恢'	7570
18119	(2595, 359)	' estim'	7582
18120	(412, 18047)	'outhern'	7614
18121	(6083, 331)	' candid'	7686
18122	(1482, 18110)	' sympt'	7712
18123	(606, 18047)	'orthern'	7717
18124	(233, 137)	b'\xe9\x89'	7810
18125	(935, 640)	' incred'	7844
18126	(1433, 111)	' smo'	7884
18127	(18049, 1154)	'人民共和國'	7998
18128	(110, 3134)	'noon'	8086
18129	(401, 1179)	'terday'	8179
18130	(343, 1798)	'acters'	8190
18131	(798, 2222)	'ionship'	8210
18132	(1178, 841)	'色球'	8246
18133	(273, 1798)	'orters'	8269
18134	(783, 325)	' clot'	8369
18135	(3720, 273)	' Flor'	8399
18136	(463, 114)	'ustr'	8405
18137	(2255, 278)	' legis'	8407
18138	(111, 723)	'overy'	8534
18139	(611, 335)	'oday'	8564
18140	(3073, 737)	' equip'	8619
18141	(433, 1326)	'国务'	8658
18142	(3492, 4112)	'澳大利'	8740
18143	(357, 444)	'uters'	8759
18144	(273, 3393)	'orney'	8761
18145	(305, 6711)	'icago'	8795
18146	(305, 683)	'icine'	8828
18147	(2128, 4600)	' determ'	9004
18148	(486, 2324)	'ategy'	9053
18149	(7791, 2880)	' Virgin'	9071
18150	(778, 445)	' enem'	9155
18151	(4237, 291)	'iliar'	9220
18152	(1499, 704)	' coff'	9223
18153	(911, 7050)	' pregn'	9308
18154	(986, 3321)	'意味'	9331
18155	(1327, 278)	' cris'	9357
18156	(108, 95)	'l_'	9408
18157	(2924, 264)	'ackson'	9566
18158	(879, 155)	'睛'	9569
18159	(557, 2424)	' Educ'	9674
18160	(105, 3315)	'iams'	9760
18161	(598, 264)	'oston'	9962
18162	(235, 161)	b'\xeb\xa1'	9970
18163	(457, 168)	'咨'	10002
18164	(2342, 277)	'dden'	10011
18165	(322, 4833)	'lymp'	10014
18166	(325, 105)	'oti'	10108
18167	(499, 2429)	' proced'	10123
18168	(114, 605)	'rast'	10157
18169	(2324, 859)	'gypt'	10206
18170	(3380, 271)	' Commit'	10213
18171	(935, 273)	' incor'	10288
18172	(443, 1214)	'unte'	10295
18173	(5429, 112)	' persp'	10351
18174	(2430, 121)	'appy'	10379
18175	(345, 2900)	'adium'	10384
18176	(1007, 1497)	' Veg'	10400
18177	(1362, 3565)	'liament'	10419
18178	(977, 133)	'墅'	10562
18179	(262, 1663)	'reland'	10588
18180	(3086, 120)	' approx'	10597
18181	(4803, 172)	'瞬'	10668
18182	(268, 2709)	' www'	10701
18183	(987, 186)	b' \xe1\xba'	10707
18184	(102, 6802)	'fortunately'	10749
18185	(407, 1049)	'ilty'	10801
18186	(362, 2930)	' Soci'	10809
18187	(273, 785)	'orage'	10823
18188	(1362, 120)	'lix'	10904
18189	(432, 187)	'玻'	10980
18190	(1852, 108)	' confl'	11109
18191	(4042, 407)	'razil'	11114
18192	(1843, 2324)	'nergy'	11142
18193	(7664, 8877)	'光学变焦'	11211
18194	(1706, 8135)	'林匹'	11234
18195	(1731, 300)	'phas'	11339
18196	(2024, 18168)	' infrast'	11342
18197	(461, 150)	'怖'	11364
18198	(1773, 1139)	'ricult'	11434
18199	(720, 185)	'苹'	11456
18200	(1079, 7547)	'水扁'	11562
18201	(815, 155)	'矛'	11575
18202	(379, 1461)	' Cath'	11587
18203	(1630, 407)	' phil'	11616
18204	(362, 1286)	' Sup'	11617
18205	(84, 5498)	'Tube'	11663
18206	(709, 176)	'晰'	11672
18207	(5241, 131)	'璃'	11774
18208	(308, 890)	'ompl'	11780
18209	(10062, 318)	' circumst'	11792
18210	(271, 610)	'itect'	11813
18211	(3007, 1941)	'ervices'	11817
18212	(518, 468)	' vul'	11824
18213	(105, 723)	'ivery'	11830
18214	(855, 7821)	'加坡'	11951
18215	(1504, 155)	' છ'	11985
18216	(345, 505)	'adel'	11994
18217	(485, 531)	' jour'	12007
18218	(335, 7017)	'aylor'	12015
18219	(597, 18064)	'俱乐'	12052
18220	(334, 564)	'ownt'	12056
18221	(102, 18188)	'flix'	12060
18222	(960, 272)	'ordan'	12148
18223	(810, 187)	'姻'	12149
18224	(9698, 3297)	' atmosp'	12173
18225	(1260, 318)	' underst'	12180
18226	(2242, 272)	' explan'	12183
18227	(8787, 3333)	'anchester'	12208
18228	(1950, 2027)	'仅供'	12223
18229	(294, 3293)	' hilar'	12262
18230	(1255, 131)	'垃'	12285
18231	(314, 190)	'圾'	12346
18232	(1348, 1225)	'联网'	12389
18233	(4076, 264)	'regon'	12420
18234	(112, 2921)	'pret'	12430
18235	(395, 3472)	' Muse'	12496
18236	(9017, 5719)	'rizona'	12528
18237	(1450, 859)	' empt'	12547
18238	(4918, 3724)	' Corpor'	12594
18239	(915, 129)	'胁'	12684
18240	(685, 1979)	'经销'	12735
18241	(730, 144)	'谐'	12743
18242	(577, 300)	'allas'	12755
18243	(4318, 273)	' Color'	12779
18244	(532, 2407)	'家宝'	12797
18245	(1640, 627)	'季后'	12828
18246	(4285, 148)	'織'	12831
18247	(117, 919)	'uable'	12837
18248	(572, 640)	'ivered'	12915
18249	(5546, 282)	'edding'	12981
18250	(258, 2326)	'heme'	12996
18251	(708, 170)	'肪'	13020
18252	(7833, 6697)	' Academ'	13021
18253	(270, 6788)	'ouston'	13103
18254	(434, 187)	'逻'	13114
18255	(283, 1267)	'essel'	13128
18256	(2114, 101)	' colle'	13134
18257	(1220, 798)	'issions'	13162
18258	(68, 4163)	'DII'	13174
18259	(2866, 10342)	'iverpool'	13182
18260	(481, 2806)	'abama'	13184
18261	(4603, 5365)	' Georg'	13220
18262	(324, 153)	'宙'	13260
18263	(989, 2074)	'样板'	13315
18264	(18216, 1731)	'adelph'	13334
18265	(1625, 1096)	'传感'	13378
18266	(1051, 479)	'veland'	13424
18267	(284, 1494)	' phen'	13462
18268	(754, 113)	'raq'	13475
18269	(2118, 629)	'ername'	13531
18270	(8255, 486)	'ocolate'	13539
18271	(337, 172)	'尬'	13564
18272	(2998, 2392)	' landsc'	13566
18273	(624, 564)	' Ont'	13567
18274	(8530, 1494)	'itchen'	13592
18275	(2387, 4209)	' Zeal'	13616
18276	(2017, 137)	'築'	13633
18277	(855, 912)	'加利'	13641
18278	(943, 1154)	'民國'	13740
18279	(6796, 190)	'憾'	13763
18280	(18264, 735)	'adelphia'	13813
18281	(5059, 105)	'iami'	13849
18282	(4534, 6246)	'胡锦'	13873
18283	(3142, 177)	'橱'	13875
18284	(292, 18220)	' downt'	13903
18285	(4575, 884)	'羅斯'	13975
18286	(813, 158)	'坞'	13985
18287	(117, 683)	'uine'	14005
18288	(18228, 5985)	'仅供参考'	14006
18289	(861, 410)	' acce'	14058
18290	(2936, 172)	'責'	14083
18291	(289, 115)	' ans'	14087
18292	(3073, 4484)	' equival'	14104
18293	(337, 180)	'尴'	14115
18294	(301, 1449)	' laz'	14136
18295	(109, 6512)	'makers'	14143
18296	(2936, 160)	'負'	14148
18297	(2193, 148)	'擔'	14161
18298	(1802, 1439)	'巴马'	14171
18299	(301, 4391)	' lapt'	14208
18300	(9754, 171)	b'\x95\xe1\x80\xab'	14246
18301	(5559, 83)	'URS'	14252
18302	(7790, 3824)	'RIDAY'	14253
18303	(8202, 870)	'respond'	14317
18304	(486, 309)	'atell'	14353
18305	(7868, 271)	'etroit'	14391
18306	(2162, 931)	'tenance'	14407
18307	(235, 166)	b'\xeb\xa6'	14426
18308	(18263, 920)	'样板间'	14429
18309	(2392, 5520)	'scribe'	14433
18310	(2510, 514)	'aturally'	14437
18311	(366, 103)	' ug'	14459
18312	(400, 5962)	'illiant'	14516
18313	(548, 1094)	'resents'	14524
18314	(1936, 119)	'thew'	14525
18315	(286, 2154)	' mari'	14534
18316	(521, 99)	' suc'	14537
18317	(18301, 3824)	'URSDAY'	14556
18318	(711, 181)	'践'	14576
18319	(327, 436)	'ether'	14582
18320	(457, 150)	'咖'	14587
18321	(1267, 504)	'seless'	14588
18322	(957, 187)	'锻'	14589
18323	(292, 9369)	' dipl'	14600
18324	(3902, 18286)	'莱坞'	14615
18325	(1991, 7204)	' franch'	14624
18326	(481, 3442)	'abeth'	14637
18327	(398, 949)	'中关'	14684
18328	(46, 5740)	'.TH'	14694
18329	(424, 277)	'olen'	14708
18330	(281, 754)	' fra'	14782
18331	(99, 1021)	'coin'	14798
18332	(1157, 640)	'wered'	14813
18333	(918, 6611)	'相册'	14822
18334	(2630, 5559)	'ATUR'	14828
18335	(2961, 5503)	'nesota'	14855
18336	(1381, 857)	'共产'	14860
18337	(1462, 271)	' writ'	14867
18338	(891, 470)	' unus'	14874
18339	(112, 95)	'p_'	14904
18340	(104, 1115)	'hors'	14913
18341	(4413, 108)	' Chel'	14921
18342	(718, 176)	'汰'	14949
18343	(466, 4158)	'estyle'	14975
18344	(877, 999)	'与此'	14985
18345	(557, 4833)	' Emp'	15089
18346	(267, 300)	'eras'	15096
18347	(119, 5583)	'whel'	15104
18348	(7543, 2611)	'juana'	15123
18349	(1129, 158)	'莞'	15126
18350	(676, 145)	'镑'	15130
18351	(10527, 885)	'百分点'	15192
18352	(1364, 1176)	'爱尔'	15205
18353	(3371, 12253)	'洛杉'	15208
18354	(18334, 3824)	'ATURDAY'	15227
18355	(1201, 1192)	'安东'	15266
18356	(275, 11421)	' củ'	15286
18357	(283, 5044)	'esville'	15361
18358	(534, 892)	' Lew'	15371
18359	(509, 1657)	' Foot'	15421
18360	(799, 161)	'啡'	15436
18361	(236, 138)	b'\xec\x8a'	15454
18362	(5907, 464)	' Patri'	15469
18363	(3015, 916)	'arrass'	15473
18364	(310, 3007)	' nerv'	15500
18365	(906, 1019)	'性价'	15540
18366	(311, 269)	' gat'	15570
18367	(424, 110)	'oln'	15573
18368	(792, 155)	'ớ'	15574
18369	(7140, 107)	' Turk'	15619
18370	(116, 481)	'tab'	15625
18371	(7345, 1527)	'rieved'	15645
18372	(1148, 184)	'ቸ'	15698
18373	(7386, 884)	'穆斯'	15752
18374	(121, 4895)	'ygen'	15779
18375	(107, 1744)	'kward'	15784
18376	(157, 188)	b'\x9d\xbc'	15804
18377	(477, 3387)	'thony'	15847
18378	(259, 447)	"in't"	15863
18379	(819, 18326)	'izabeth'	15878
18380	(4691, 331)	'valid'	15902
18381	(855, 2638)	'加索'	15906
18382	(1312, 191)	'響'	15910
18383	(368, 1049)	'verty'	15918
18384	(8822, 10185)	'地图搜索'	15925
18385	(8881, 971)	'ibrary'	15934
18386	(1199, 259)	'onsin'	15970
18387	(513, 171)	'沫'	15974
18388	(760, 610)	'ellect'	15996
18389	(4459, 18386)	'isconsin'	16054
18390	(597, 130)	'係'	16098
18391	(308, 992)	'omach'	16155
18392	(815, 182)	'矶'	16197
18393	(2193, 142)	'擎'	16280
18394	(109, 3387)	'mony'	16314
18395	(2425, 18357)	'ottesville'	16339
18396	(1672, 188)	'撼'	16353
18397	(876, 1056)	'合物'	16371
18398	(609, 675)	'学金'	16474
18399	(18059, 322)	'olutely'	16476
18400	(1759, 2018)	'阿根'	16495
18401	(7721, 947)	'墨西'	16525
18402	(103, 463)	'gust'	16540
18403	(2961, 7415)	'nessee'	16542
18404	(365, 142)	'绎'	16581
18405	(1100, 331)	' guid'	16636
18406	(4809, 278)	'inois'	16701
18407	(7321, 3824)	'UNDAY'	16718
18408	(1317, 4141)	'华盛'	16769
18409	(6388, 1049)	'iculty'	16791
18410	(3097, 18367)	'incoln'	16845
18411	(1170, 97)	'oola'	16891
18412	(108, 9206)	'lvan'	17040
18413	(1582, 309)	'avell'	17167
18414	(2329, 737)	'clip'	17175
18415	(2722, 3824)	'ONDAY'	17188
18416	(1974, 611)	'ommod'	17351
18417	(2426, 5656)	'土耳'	17567
18418	(5085, 259)	' convin'	17973
