12000	(131, 189)	b'\x83\xbd'	411
12001	(231, 174)	b'\xe7\xae'	781
12002	(318, 39)	" I'"	803
12003	(229, 162)	b'\xe5\xa2'	808
12004	(466, 654)	' 201'	893
12005	(489, 320)	'ople'	905
12006	(231, 177)	b'\xe7\xb1'	954
12007	(73, 39)	"I'"	1547
12008	(1009, 1517)	' includ'	1693
12009	(291, 446)	' dif'	1728
12010	(1518, 102)	'self'	1976
12011	(559, 100)	' prod'	2048
12012	(231, 147)	b'\xe7\x93'	2191
12013	(268, 310)	' wom'	2218
12014	(286, 1142)	' mov'	2305
12015	(316, 774)	' giv'	2506
12016	(559, 1510)	' proble'	2512
12017	(476, 172)	'括'	2555
12018	(546, 734)	' vide'	2575
12019	(1157, 141)	'্'	2637
12020	(264, 2040)	' syst'	2951
12021	(141, 606)	b'\x8d\xe0\xaa'	3017
12022	(1608, 808)	'uesday'	3103
12023	(118, 2021)	'vices'	3179
12024	(779, 620)	'平方'	3198
12025	(337, 141)	'绍'	3220
12026	(1158, 308)	' partic'	3304
12027	(596, 1015)	' chang'	3338
12028	(2461, 808)	'nesday'	3355
12029	(500, 995)	'ounty'	3432
12030	(580, 190)	'ா'	3481
12031	(333, 379)	' rese'	3502
12032	(496, 1976)	' Russ'	3537
12033	(305, 609)	' lear'	3554
12034	(297, 617)	' hist'	3575
12035	(2518, 636)	'iversity'	3602
12036	(291, 273)	' dou'	3637
12037	(889, 331)	'itely'	3700
12038	(218, 186)	'ں'	3743
12039	(277, 279)	' ben'	3783
12040	(2622, 808)	'aturday'	3797
12041	(297, 369)	' hig'	3826
12042	(292, 2172)	' toget'	3828
12043	(511, 382)	' sever'	3933
12044	(101, 682)	'eks'	4013
12045	(284, 1247)	' pict'	4094
12046	(97, 1099)	'aign'	4143
12047	(72, 84)	'HT'	4156
12048	(2496, 485)	'uggest'	4206
12049	(400, 830)	'大利'	4267
12050	(105, 719)	'iod'	4297
12051	(274, 671)	'anies'	4298
12052	(282, 638)	' foc'	4320
12053	(1267, 128)	'础'	4453
12054	(859, 479)	"ven't"	4464
12055	(3591, 293)	'ederal'	4493
12056	(2566, 635)	' opport'	4528
12057	(231, 184)	b'\xe7\xb8'	4545
12058	(2791, 353)	' charac'	4551
12059	(177, 1643)	b'\xb1\xe4\xb9\x90'	4553
12060	(226, 152)	b'\xe2\x98'	4617
12061	(233, 177)	b'\xe9\xb1'	4636
12062	(3440, 2239)	'ospital'	4638
12063	(2166, 383)	' confir'	4660
12064	(596, 621)	' chall'	4674
12065	(2828, 808)	'ursday'	4690
12066	(1702, 275)	' Brit'	4788
12067	(2413, 418)	'ouncil'	4808
12068	(2503, 104)	' veh'	4826
12069	(391, 810)	' Mich'	4863
12070	(4156, 1790)	'ashington'	4894
12071	(235, 138)	b'\xeb\x8a'	4946
12072	(1093, 177)	'ੱ'	5105
12073	(95, 95)	'__'	5162
12074	(520, 1844)	'来越'	5173
12075	(2270, 105)	'medi'	5184
12076	(1469, 375)	' commun'	5217
12077	(4210, 2625)	' Austral'	5256
12078	(118, 383)	'vir'	5296
12079	(232, 187)	b'\xe8\xbb'	5312
12080	(3867, 2159)	' Afric'	5387
12081	(305, 1564)	' larg'	5426
12082	(1631, 138)	'腊'	5443
12083	(306, 179)	'圳'	5471
12084	(2608, 1247)	'istrict'	5527
12085	(12078, 265)	'viron'	5606
12086	(185, 163)	b'\xb9\xa3'	5614
12087	(103, 485)	'gest'	5648
12088	(265, 379)	'onse'	5650
12089	(2226, 1952)	' signific'	5670
12090	(1613, 4413)	' individ'	5713
12091	(1911, 1911)	'----'	5734
12092	(5153, 101)	'ittee'	5768
12093	(1090, 265)	'ondon'	5773
12094	(1951, 3251)	'bruary'	5822
12095	(552, 312)	' doll'	5823
12096	(552, 99)	' doc'	5827
12097	(2278, 738)	'ornia'	5861
12098	(421, 651)	' weap'	5867
12099	(720, 147)	'谓'	5892
12100	(1074, 2799)	'西班'	6004
12101	(1032, 727)	'色球'	6106
12102	(900, 267)	' ener'	6113
12103	(4287, 3425)	' Associ'	6137
12104	(297, 2358)	' htt'	6151
12105	(286, 1400)	' mater'	6162
12106	(232, 152)	b'\xe8\x98'	6337
12107	(862, 162)	'恢'	6482
12108	(110, 3012)	'noon'	6511
12109	(2174, 5166)	'人民共和'	6518
12110	(4732, 321)	'underst'	6548
12111	(263, 4241)	'reci'	6567
12112	(256, 975)	' tick'	6570
12113	(100, 320)	'dle'	6610
12114	(473, 326)	'upid'	6690
12115	(419, 1121)	'国务'	6770
12116	(4832, 2264)	'ampionship'	6775
12117	(1576, 3909)	' daugh'	6778
12118	(487, 153)	'浙'	6791
12119	(356, 2247)	' Tex'	6869
12120	(422, 161)	'贡'	6919
12121	(137, 180)	b'\x89\xb4'	6939
12122	(782, 526)	'rael'	6968
12123	(1503, 138)	'殊'	7041
12124	(2473, 101)	'inese'	7046
12125	(611, 271)	' plat'	7047
12126	(297, 423)	' hus'	7148
12127	(734, 728)	'idered'	7161
12128	(761, 2122)	'加拿'	7182
12129	(98, 499)	'bum'	7223
12130	(109, 895)	'mber'	7287
12131	(4359, 121)	'razy'	7300
12132	(705, 103)	'reng'	7331
12133	(235, 161)	b'\xeb\xa1'	7370
12134	(742, 4691)	'uclear'	7382
12135	(418, 671)	'ilies'	7404
12136	(3066, 12049)	'澳大利'	7442
12137	(337, 170)	'绪'	7473
12138	(1425, 265)	'azon'	7488
12139	(383, 3363)	'irgin'	7494
12140	(1079, 12130)	'ovember'	7516
12141	(398, 671)	'uries'	7544
12142	(632, 2827)	' traff'	7604
12143	(4175, 375)	'fortun'	7618
12144	(259, 321)	'hest'	7623
12145	(978, 3172)	'意味'	7637
12146	(2458, 728)	'undred'	7690
12147	(80, 450)	'Pol'	7728
12148	(107, 332)	'ket'	7746
12149	(121, 1090)	'yond'	7807
12150	(735, 186)	b' \xe1\xba'	7892
12151	(411, 808)	'terday'	7897
12152	(299, 132)	'兄'	7907
12153	(1088, 99)	'merc'	7936
12154	(3776, 3513)	'ournament'	8010
12155	(4021, 276)	' Flor'	8049
12156	(308, 6376)	'icago'	8117
12157	(480, 1867)	'rief'	8136
12158	(443, 168)	'咨'	8144
12159	(1776, 375)	' laun'	8148
12160	(415, 150)	'抖'	8150
12161	(12003, 133)	'墅'	8168
12162	(310, 301)	'omas'	8199
12163	(1863, 145)	'撑'	8209
12164	(12153, 838)	'mercial'	8226
12165	(104, 2358)	'htt'	8259
12166	(2891, 104)	' meth'	8274
12167	(5713, 6524)	'光学变焦'	8293
12168	(233, 172)	b'\xe9\xac'	8295
12169	(1927, 1340)	' Franc'	8303
12170	(330, 105)	'oti'	8360
12171	(80, 101)	'Pe'	8373
12172	(305, 6388)	' langu'	8401
12173	(265, 3022)	'onstr'	8404
12174	(1008, 12139)	' Virgin'	8421
12175	(505, 310)	'andom'	8441
12176	(411, 109)	'term'	8452
12177	(1449, 111)	'onto'	8493
12178	(561, 168)	'辨'	8494
12179	(1065, 6025)	'水扁'	8645
12180	(2481, 267)	' deter'	8690
12181	(375, 1682)	'unities'	8696
12182	(1008, 1369)	' Veg'	8734
12183	(395, 142)	'赎'	8770
12184	(458, 6075)	'agram'	8776
12185	(3970, 1408)	'ermany'	8780
12186	(2911, 604)	' advant'	8783
12187	(233, 142)	b'\xe9\x8e'	8825
12188	(2842, 12148)	' basket'	8830
12189	(1147, 155)	' છ'	8889
12190	(528, 287)	'uled'	8929
12191	(1339, 281)	' cris'	8978
12192	(331, 7209)	'lymp'	8996
12193	(260, 136)	'丈'	8998
12194	(485, 308)	'estic'	9019
12195	(705, 479)	"ren't"	9035
12196	(436, 560)	' Pak'	9046
12197	(683, 168)	'妨'	9060
12198	(288, 604)	'arant'	9090
12199	(112, 1243)	'pool'	9132
12200	(4219, 310)	'reedom'	9160
12201	(1535, 1641)	'仅供'	9174
12202	(642, 265)	'oston'	9201
12203	(3659, 450)	' Carol'	9211
12204	(6702, 643)	'forcement'	9216
12205	(2093, 133)	'魅'	9226
12206	(2215, 161)	'葡'	9232
12207	(117, 1568)	'uals'	9258
12208	(390, 607)	'中新'	9275
12209	(46, 99)	'.c'	9319
12210	(3003, 486)	'派出'	9380
12211	(739, 176)	'晰'	9399
12212	(405, 147)	'寓'	9409
12213	(282, 293)	' fal'	9443
12214	(282, 446)	' fif'	9451
12215	(614, 1547)	'经销'	9479
12216	(1692, 322)	'ashion'	9514
12217	(2786, 6927)	'cohol'	9520
12218	(4845, 2877)	' Secret'	9525
12219	(801, 643)	'ipment'	9568
12220	(1387, 134)	'疆'	9571
12221	(519, 3020)	'ategy'	9601
12222	(423, 2142)	'usiness'	9607
12223	(418, 995)	'ilty'	9641
12224	(184, 176)	b'\xb8\xb0'	9643
12225	(4384, 320)	'iddle'	9649
12226	(5331, 2209)	' subscrib'	9663
12227	(68, 4203)	'DII'	9696
12228	(492, 2331)	'家宝'	9787
12229	(12109, 419)	'人民共和国'	9810
12230	(46, 70)	'.F'	9823
12231	(7271, 3250)	'anchester'	9851
12232	(1086, 1673)	'样板'	9862
12233	(1031, 132)	'萄'	9876
12234	(5838, 2904)	'嫌疑'	9877
12235	(4010, 258)	'evin'	9917
12236	(1063, 5351)	' telev'	9929
12237	(1491, 1100)	'传感'	9943
12238	(821, 1369)	' integ'	9977
12239	(1395, 587)	'季后'	9997
12240	(588, 458)	' Eag'	10017
12241	(268, 2576)	' www'	10082
12242	(39, 109)	"'m"	10167
12243	(407, 187)	'玻'	10242
12244	(4414, 5780)	'胡锦'	10245
12245	(6262, 678)	'ructure'	10287
12246	(74, 111)	'Jo'	10298
12247	(286, 2979)	' mech'	10333
12248	(3948, 83)	'URS'	10361
12249	(3972, 177)	'橱'	10370
12250	(375, 1259)	'unte'	10388
12251	(353, 636)	'acity'	10396
12252	(1111, 637)	'ressive'	10399
12253	(299, 129)	'允'	10409
12254	(2676, 3948)	'ATUR'	10417
12255	(12201, 4728)	'仅供参考'	10428
12256	(648, 170)	'肪'	10429
12257	(3454, 288)	'iliar'	10451
12258	(1496, 120)	'lix'	10470
12259	(1560, 757)	' coff'	10472
12260	(114, 626)	'rast'	10522
12261	(6065, 2881)	'RIDAY'	10575
12262	(12232, 798)	'样板间'	10623
12263	(723, 175)	'涯'	10648
12264	(12248, 2881)	'URSDAY'	10739
12265	(1048, 274)	'ordan'	10756
12266	(348, 526)	'adel'	10776
12267	(46, 5405)	'.TH'	10833
12268	(233, 144)	b'\xe9\x90'	10834
12269	(1899, 2897)	' surger'	10870
12270	(3133, 12199)	'iverpool'	10894
12271	(4359, 418)	'razil'	10895
12272	(7311, 2484)	' Subsc'	10995
12273	(8538, 815)	'百分点'	11070
12274	(390, 819)	'中关'	11088
12275	(6005, 131)	'璃'	11110
12276	(273, 6487)	'ouston'	11153
12277	(263, 1762)	'reland'	11165
12278	(4517, 279)	'udden'	11182
12279	(761, 7920)	'加坡'	11190
12280	(549, 12059)	'俱乐'	11221
12281	(2626, 12260)	' infrast'	11249
12282	(12254, 2881)	'ATURDAY'	11276
12283	(829, 5417)	'相册'	11278
12284	(720, 144)	'谐'	11294
12285	(278, 8449)	' củ'	11298
12286	(794, 129)	'胁'	11413
12287	(8221, 505)	'leveland'	11422
12288	(750, 158)	'坞'	11523
12289	(285, 4521)	'esville'	11561
12290	(658, 145)	'镑'	11563
12291	(157, 188)	b'\x9d\xbc'	11679
12292	(12109, 2046)	'人民共和國'	11728
12293	(6860, 8604)	'地图搜索'	11790
