14000	(131, 189)	b'\x83\xbd'	424
14001	(321, 99)	' bec'	811
14002	(73, 39)	"I'"	1162
14003	(1033, 582)	' diffe'	1219
14004	(831, 1259)	' includ'	1406
14005	(308, 595)	' giv'	1887
14006	(831, 260)	' incre'	1892
14007	(393, 101)	' wee'	1899
14008	(848, 269)	' grou'	2039
14009	(325, 115)	' iss'	2093
14010	(682, 57)	'199'	2138
14011	(516, 914)	' chang'	2268
14012	(118, 2023)	'viron'	2346
14013	(777, 101)	' dise'	2502
14014	(490, 602)	' vide'	2540
14015	(1863, 303)	'conom'	2694
14016	(297, 356)	' hig'	2768
14017	(289, 1378)	' toget'	2963
14018	(419, 840)	' conne'	3011
14019	(1574, 372)	' invol'	3057
14020	(300, 2626)	' langu'	3065
14021	(1927, 2384)	'人民共和'	3121
14022	(1306, 801)	'ecause'	3190
14023	(239, 189)	b'\xef\xbd'	3237
14024	(418, 118)	' mov'	3417
14025	(118, 1849)	'vices'	3467
14026	(904, 1485)	' prote'	3519
14027	(572, 1838)	'ciety'	3718
14028	(3299, 110)	' _n'	3722
14029	(403, 110)	'hern'	3802
14030	(2214, 854)	' behav'	3837
14031	(602, 562)	'idered'	3934
14032	(288, 740)	' dru'	3937
14033	(2282, 439)	' estab'	3996
14034	(516, 549)	' chall'	4021
14035	(2500, 1465)	' Afric'	4043
14036	(1613, 259)	' opin'	4046
14037	(372, 1596)	'olute'	4090
14038	(1386, 1828)	' surpr'	4096
14039	(2135, 3459)	'的一个市镇'	4262
14040	(2325, 3462)	'的一個市鎮'	4267
14041	(1430, 274)	'ysis'	4270
14042	(2264, 112)	' purp'	4275
14043	(595, 396)	'ivil'	4316
14044	(427, 103)	' deg'	4358
14045	(1358, 118)	' obv'	4537
14046	(2442, 2742)	' opportun'	4577
14047	(881, 1023)	'rences'	4824
14048	(1686, 161)	'葡'	4855
14049	(14021, 504)	'人民共和国'	4881
14050	(108, 95)	'l_'	4928
14051	(1070, 132)	'萄'	5010
14052	(673, 4413)	' immedi'	5132
14053	(279, 740)	' fru'	5202
14054	(295, 622)	' thous'	5205
14055	(14021, 743)	'人民共和國'	5277
14056	(287, 2935)	'ederal'	5285
14057	(763, 2619)	'ccording'	5328
14058	(297, 3244)	' htt'	5511
14059	(393, 724)	' weap'	5560
14060	(3159, 460)	'minist'	5565
14061	(1320, 144)	'荐'	5600
14062	(791, 2371)	'西班'	5604
14063	(384, 1639)	'iforn'	5659
14064	(301, 594)	'icine'	5796
14065	(5042, 2016)	'fortunately'	5797
14066	(3584, 274)	' epis'	5806
14067	(1424, 2996)	'efully'	5938
14068	(459, 1069)	' neigh'	6004
14069	(613, 1442)	'indows'	6011
14070	(764, 263)	' compon'	6113
14071	(1545, 5209)	'林匹'	6151
14072	(14071, 1186)	'林匹克'	6232
14073	(2642, 467)	'useum'	6274
14074	(394, 14029)	'outhern'	6296
14075	(669, 442)	'acters'	6318
14076	(361, 277)	'cean'	6341
14077	(552, 14029)	'orthern'	6343
14078	(297, 622)	' hous'	6407
14079	(2482, 104)	' veh'	6409
14080	(674, 512)	' enem'	6424
14081	(111, 635)	'overy'	6506
14082	(177, 1729)	b'\xb1\xe4\xb9\x90'	6759
14083	(1749, 1076)	'flict'	6777
14084	(917, 2285)	'hington'	6804
14085	(1832, 588)	'越来'	6810
14086	(787, 5023)	' pregn'	6873
14087	(443, 1312)	' proced'	6897
14088	(769, 502)	'ipment'	6951
14089	(409, 644)	' Mich'	7004
14090	(985, 3071)	'ovember'	7040
14091	(831, 562)	' incred'	7125
14092	(289, 3962)	' tomor'	7140
14093	(312, 562)	'vered'	7272
14094	(1465, 786)	'ricult'	7365
14095	(802, 14094)	' agricult'	7481
14096	(46, 101)	'.e'	7513
14097	(2060, 889)	b'\xe7\x9c\xbc\xe7\x9d'	7560
14098	(112, 95)	'p_'	7564
14099	(1114, 2258)	'加拿'	7583
14100	(740, 837)	'ruary'	7592
14101	(3384, 148)	'織'	7594
14102	(5001, 1082)	'rieved'	7750
14103	(344, 1824)	' Tex'	7771
14104	(2368, 275)	'dden'	7852
14105	(920, 5065)	' coffe'	7881
14106	(777, 598)	' disag'	7998
14107	(5006, 860)	'穆斯'	8036
14108	(468, 150)	'怖'	8127
14109	(7387, 1838)	'xiety'	8230
14110	(3794, 172)	'瞬'	8250
14111	(582, 562)	'fered'	8317
14112	(395, 336)	'raid'	8419
14113	(401, 1642)	'terday'	8505
14114	(1805, 301)	' polic'	8520
14115	(6699, 3290)	'科的其中'	8614
14116	(278, 1061)	'essel'	8668
14117	(437, 1731)	'ategy'	8688
14118	(2522, 412)	'息在'	8716
14119	(1460, 1818)	b'\xe5\x9f\xba\xe7\xa1'	8789
14120	(638, 185)	'苹'	8900
14121	(526, 187)	'逻'	8915
14122	(3572, 280)	' Flor'	8941
14123	(2122, 137)	'築'	8954
14124	(1747, 131)	'垃'	8992
14125	(121, 2373)	'ygen'	9027
14126	(338, 190)	'圾'	9074
14127	(490, 411)	' vul'	9093
14128	(117, 754)	'uable'	9416
14129	(303, 667)	'ompl'	9438
14130	(260, 1516)	'reland'	9441
14131	(692, 151)	'晗'	9499
14132	(523, 829)	' Face'	9542
14133	(338, 179)	'圳'	9610
14134	(434, 636)	' Pac'	9638
14135	(540, 1666)	'和人口'	9727
14136	(721, 130)	'係'	9822
14137	(1294, 609)	' empt'	9827
14138	(395, 1486)	'racy'	9846
14139	(411, 467)	'ulum'	9849
14140	(297, 2360)	' hilar'	9907
14141	(8008, 314)	' circumst'	9984
14142	(274, 274)	'isis'	10058
14143	(301, 7319)	'icago'	10062
14144	(14135, 5192)	'和人口皆'	10111
14145	(195, 163)	'ã'	10189
14146	(521, 3785)	'ourney'	10216
14147	(2356, 4138)	' equival'	10239
14148	(357, 172)	'尬'	10261
14149	(3501, 263)	'regon'	10275
14150	(2380, 570)	'ername'	10278
14151	(8274, 1305)	'osystem'	10330
14152	(303, 858)	'omach'	10492
14153	(1978, 7651)	' corresp'	10612
14154	(582, 1036)	'ferent'	10631
14155	(533, 1247)	'ellect'	10647
14156	(2379, 5003)	'ircraft'	10655
14157	(354, 153)	'宙'	10684
14158	(2024, 278)	'comes'	10694
14159	(1166, 1015)	'合物'	10740
14160	(1465, 14139)	'riculum'	10762
14161	(358, 948)	'verty'	10778
14162	(461, 146)	'沒'	10793
14163	(6001, 437)	'ocolate'	10837
14164	(118, 3855)	'viet'	10838
14165	(361, 2867)	'celer'	10862
14166	(5497, 8963)	'rastructure'	10926
14167	(99, 449)	'cest'	10947
14168	(708, 5738)	'izza'	10973
14169	(508, 942)	'resents'	11002
14170	(435, 99)	' suc'	11007
14171	(6659, 837)	'ibrary'	11021
14172	(2909, 609)	' lapt'	11023
14173	(357, 180)	'尴'	11033
14174	(122, 396)	'zil'	11062
14175	(1595, 847)	'tenance'	11068
14176	(1951, 129)	'擁'	11070
14177	(115, 1005)	'swe'	11118
14178	(368, 1757)	' Sund'	11129
14179	(66, 78)	'BN'	11133
14180	(8270, 171)	'鑫'	11183
14181	(4169, 1902)	'互联'	11197
14182	(1266, 120)	'lix'	11245
14183	(1076, 280)	'ictor'	11268
14184	(927, 162)	'恢'	11320
14185	(404, 663)	'cknow'	11334
14186	(856, 187)	'姻'	11346
14187	(330, 403)	'ether'	11356
14188	(843, 162)	'畢'	11381
14189	(309, 2362)	' nerv'	11458
14190	(439, 2601)	'abeth'	11513
14191	(5093, 449)	' lifest'	11580
14192	(2597, 187)	'輻'	11600
14193	(268, 2915)	' www'	11661
14194	(695, 263)	'oston'	11665
14195	(300, 1550)	' laz'	11672
14196	(760, 155)	'矛'	11754
14197	(1004, 3697)	'特朗'	11791
14198	(8385, 108)	'allel'	11795
14199	(765, 1190)	'那州'	11810
14200	(3297, 2665)	'levision'	11833
14201	(813, 451)	' unus'	11841
14202	(3325, 116)	' volt'	11854
14203	(1102, 4494)	'利桑'	11866
14204	(572, 467)	'cium'	11882
14205	(117, 594)	'uine'	11967
14206	(1001, 278)	'orses'	12041
14207	(336, 343)	'iday'	12078
14208	(3845, 498)	'aptain'	12125
14209	(280, 376)	'orith'	12185
14210	(334, 1043)	'rovers'	12207
14211	(510, 150)	'咖'	12210
14212	(256, 640)	' tong'	12238
14213	(513, 562)	'ivered'	12243
14214	(14177, 562)	'swered'	12250
14215	(278, 519)	'esity'	12278
14216	(14012, 1325)	'vironments'	12419
14217	(84, 4558)	'Tube'	12438
14218	(2256, 769)	'ikip'	12540
14219	(2355, 4723)	' Zeal'	12616
14220	(1058, 9234)	'无忌'	12657
14221	(670, 2188)	'可达'	12690
14222	(511, 152)	'臘'	12695
14223	(2991, 7577)	'鱼纲'	12746
14224	(5082, 9753)	'魚綱'	12747
14225	(313, 3405)	'lymp'	12753
14226	(259, 431)	"in't"	12756
14227	(9599, 512)	'usalem'	12804
14228	(405, 1106)	'oples'	12821
14229	(670, 3585)	'可達'	12912
14230	(14192, 9187)	'輻鰭'	12939
14231	(10079, 9023)	'辐鳍'	12945
14232	(14230, 14224)	'輻鰭魚綱'	12999
14233	(14231, 14223)	'辐鳍鱼纲'	13006
14234	(4053, 401)	'olester'	13120
14235	(480, 14233)	'为辐鳍鱼纲'	13270
14236	(1049, 1114)	'新加'	13407
14237	(1194, 1054)	'体长'	13493
14238	(2646, 2357)	'體長'	13514
14239	(675, 161)	'啡'	13588
14240	(721, 14082)	'俱乐'	13711
14241	(1530, 97)	' sla'	13765
14242	(791, 2148)	'西哥'	13823
14243	(2688, 4846)	'土耳'	13828
14244	(1163, 5480)	'该地的'	14105
14245	(2565, 5480)	'該地的'	14114
