14000	(131, 189)	b'\x83\xbd'	424
14001	(321, 99)	' bec'	811
14002	(1033, 582)	' diffe'	1219
14003	(831, 1260)	' includ'	1406
14004	(308, 595)	' giv'	1887
14005	(848, 269)	' grou'	2039
14006	(516, 914)	' chang'	2268
14007	(118, 2026)	'viron'	2346
14008	(777, 101)	' dise'	2502
14009	(1864, 303)	'conom'	2694
14010	(297, 356)	' hig'	2768
14011	(289, 1379)	' toget'	2963
14012	(1575, 372)	' invol'	3057
14013	(300, 2632)	' langu'	3065
14014	(1930, 2389)	'人民共和'	3121
14015	(1307, 801)	'ecause'	3190
14016	(239, 189)	b'\xef\xbd'	3237
14017	(418, 118)	' mov'	3417
14018	(904, 1486)	' prote'	3519
14019	(572, 1839)	'ciety'	3718
14020	(3306, 110)	' _n'	3722
14021	(2219, 854)	' behav'	3837
14022	(602, 562)	'idered'	3934
14023	(1614, 259)	' opin'	4046
14024	(1387, 1829)	' surpr'	4096
14025	(2140, 3467)	'的一个市镇'	4262
14026	(2330, 3470)	'的一個市鎮'	4267
14027	(1431, 274)	'ysis'	4270
14028	(2269, 112)	' purp'	4275
14029	(595, 396)	'ivil'	4316
14030	(427, 103)	' deg'	4358
14031	(1359, 118)	' obv'	4537
14032	(2447, 2748)	' opportun'	4577
14033	(881, 1023)	'rences'	4824
14034	(108, 95)	'l_'	4928
14035	(1070, 132)	'萄'	5010
14036	(673, 4427)	' immedi'	5132
14037	(295, 622)	' thous'	5205
14038	(763, 2625)	'ccording'	5328
14039	(297, 3251)	' htt'	5511
14040	(393, 724)	' weap'	5560
14041	(3166, 460)	'minist'	5565
14042	(791, 2376)	'西班'	5604
14043	(384, 1640)	'iforn'	5659
14044	(5058, 2019)	'fortunately'	5797
14045	(3592, 274)	' epis'	5806
14046	(1425, 3003)	'efully'	5938
14047	(459, 1069)	' neigh'	6004
14048	(764, 263)	' compon'	6113
14049	(1546, 5226)	'林匹'	6151
14050	(14049, 1187)	'林匹克'	6232
14051	(2648, 467)	'useum'	6274
14052	(669, 442)	'acters'	6318
14053	(552, 3781)	'orthern'	6343
14054	(2487, 104)	' veh'	6409
14055	(674, 512)	' enem'	6424
14056	(177, 1730)	b'\xb1\xe4\xb9\x90'	6759
14057	(1833, 588)	'越来'	6810
14058	(787, 5039)	' pregn'	6873
14059	(443, 1313)	' proced'	6897
14060	(831, 562)	' incred'	7125
14061	(289, 3972)	' tomor'	7140
14062	(312, 562)	'vered'	7272
14063	(1466, 786)	'ricult'	7365
14064	(802, 14063)	' agricult'	7481
14065	(2063, 889)	b'\xe7\x9c\xbc\xe7\x9d'	7560
14066	(112, 95)	'p_'	7564
14067	(1114, 2263)	'加拿'	7583
14068	(2373, 275)	'dden'	7852
14069	(920, 5081)	' coffe'	7881
14070	(5022, 860)	'穆斯'	8036
14071	(468, 150)	'怖'	8127
14072	(3803, 172)	'瞬'	8250
14073	(582, 562)	'fered'	8317
14074	(395, 336)	'raid'	8419
14075	(401, 1643)	'terday'	8505
14076	(437, 1732)	'ategy'	8688
14077	(1461, 1819)	b'\xe5\x9f\xba\xe7\xa1'	8789
14078	(638, 185)	'苹'	8900
14079	(526, 187)	'逻'	8915
14080	(3580, 280)	' Flor'	8941
14081	(2126, 137)	'築'	8954
14082	(1748, 131)	'垃'	8992
14083	(338, 190)	'圾'	9074
14084	(303, 667)	'ompl'	9438
14085	(260, 1517)	'reland'	9441
14086	(692, 151)	'晗'	9499
14087	(338, 179)	'圳'	9610
14088	(540, 1667)	'和人口'	9727
14089	(721, 130)	'係'	9822
14090	(411, 467)	'ulum'	9849
14091	(297, 2365)	' hilar'	9907
14092	(14088, 5209)	'和人口皆'	10111
14093	(2361, 4152)	' equival'	10239
14094	(357, 172)	'尬'	10261
14095	(2385, 570)	'ername'	10278
14096	(303, 858)	'omach'	10492
14097	(2384, 5019)	'ircraft'	10655
14098	(354, 153)	'宙'	10684
14099	(358, 948)	'verty'	10778
14100	(118, 3864)	'viet'	10838
14101	(5516, 9006)	'rastructure'	10926
14102	(99, 449)	'cest'	10947
14103	(508, 942)	'resents'	11002
14104	(435, 99)	' suc'	11007
14105	(357, 180)	'尴'	11033
14106	(1596, 847)	'tenance'	11068
14107	(115, 1005)	'swe'	11118
14108	(4183, 1905)	'互联'	11197
14109	(404, 663)	'cknow'	11334
14110	(856, 187)	'姻'	11346
14111	(309, 2367)	' nerv'	11458
14112	(439, 2607)	'abeth'	11513
14113	(2603, 187)	'輻'	11600
14114	(268, 2921)	' www'	11661
14115	(695, 263)	'oston'	11665
14116	(1004, 3705)	'特朗'	11791
14117	(765, 1191)	'那州'	11810
14118	(3332, 116)	' volt'	11854
14119	(1102, 4508)	'利桑'	11866
14120	(117, 594)	'uine'	11967
14121	(1001, 278)	'orses'	12041
14122	(336, 343)	'iday'	12078
14123	(280, 376)	'orith'	12185
14124	(334, 1043)	'rovers'	12207
14125	(513, 562)	'ivered'	12243
14126	(14107, 562)	'swered'	12250
14127	(14007, 1326)	'vironments'	12419
14128	(84, 4572)	'Tube'	12438
14129	(2261, 769)	'ikip'	12540
14130	(2360, 4737)	' Zeal'	12616
14131	(1058, 9278)	'无忌'	12657
14132	(670, 2193)	'可达'	12690
14133	(511, 152)	'臘'	12695
14134	(2997, 7611)	'鱼纲'	12746
14135	(5098, 9802)	'魚綱'	12747
14136	(259, 431)	"in't"	12756
14137	(9646, 512)	'usalem'	12804
14138	(405, 1106)	'oples'	12821
14139	(670, 3593)	'可達'	12912
14140	(14113, 9231)	'輻鰭'	12939
14141	(10133, 9067)	'辐鳍'	12945
14142	(14140, 14135)	'輻鰭魚綱'	12999
14143	(14141, 14134)	'辐鳍鱼纲'	13006
14144	(4067, 401)	'olester'	13120
14145	(480, 14143)	'为辐鳍鱼纲'	13270
14146	(1049, 1114)	'新加'	13407
14147	(1195, 1054)	'体长'	13493
14148	(2652, 2362)	'體長'	13514
14149	(675, 161)	'啡'	13588
14150	(721, 14056)	'俱乐'	13711
14151	(1531, 97)	' sla'	13765
14152	(791, 2153)	'西哥'	13823
14153	(2694, 4862)	'土耳'	13828
