16000	(131, 189)	b'\x83\xbd'	411
16001	(466, 654)	' 201'	893
16002	(346, 99)	' bec'	1051
16003	(224, 185)	b'\xe0\xb9'	1249
16004	(73, 39)	"I'"	1547
16005	(1014, 1520)	' includ'	1693
16006	(268, 310)	' wom'	2218
16007	(286, 1146)	' mov'	2305
16008	(282, 1076)	' foll'	2420
16009	(316, 774)	' giv'	2506
16010	(559, 1513)	' proble'	2512
16011	(1161, 141)	'্'	2637
16012	(264, 2046)	' syst'	2951
16013	(141, 606)	b'\x8d\xe0\xaa'	3017
16014	(278, 494)	' cust'	3535
16015	(892, 331)	'itely'	3700
16016	(233, 188)	b'\xe9\xbc'	3813
16017	(297, 369)	' hig'	3826
16018	(292, 2178)	' toget'	3828
16019	(2502, 485)	'uggest'	4206
16020	(256, 1567)	' targ'	4390
16021	(1270, 128)	'础'	4453
16022	(2574, 635)	' opport'	4528
16023	(2799, 353)	' charac'	4551
16024	(177, 1646)	b'\xb1\xe4\xb9\x90'	4553
16025	(226, 152)	b'\xe2\x98'	4617
16026	(233, 177)	b'\xe9\xb1'	4636
16027	(3456, 2246)	'ospital'	4638
16028	(596, 621)	' chall'	4674
16029	(2419, 418)	'ouncil'	4808
16030	(2509, 104)	' veh'	4826
16031	(402, 370)	'ecut'	4892
16032	(1097, 177)	'ੱ'	5105
16033	(520, 1848)	'来越'	5173
16034	(300, 275)	' init'	5306
16035	(2648, 2312)	'ccording'	5356
16036	(305, 1567)	' larg'	5426
16037	(306, 179)	'圳'	5471
16038	(2616, 1250)	'istrict'	5527
16039	(185, 163)	b'\xb9\xa3'	5614
16040	(936, 5150)	' immedi'	5672
16041	(284, 4834)	' piec'	5724
16042	(1735, 258)	' opin'	5749
16043	(5196, 101)	'ittee'	5768
16044	(421, 651)	' weap'	5867
16045	(1078, 2807)	'西班'	6004
16046	(1037, 727)	'色球'	6106
16047	(297, 2365)	' htt'	6151
16048	(2180, 5209)	'人民共和'	6518
16049	(4971, 281)	' epis'	6651
16050	(4871, 2271)	'ampionship'	6775
16051	(174, 1289)	b'\xae\xe0\xaf\x8d'	6878
16052	(276, 3240)	'orney'	6924
16053	(137, 180)	b'\x89\xb4'	6939
16054	(1823, 1865)	'porters'	6940
16055	(552, 543)	' doct'	7017
16056	(6499, 5964)	'understorms'	7144
16057	(734, 728)	'idered'	7161
16058	(109, 898)	'mber'	7287
16059	(3074, 4247)	'澳大利'	7442
16060	(1083, 16058)	'ovember'	7516
16061	(1871, 3928)	'efully'	7669
16062	(1092, 99)	'merc'	7936
16063	(297, 852)	' hous'	7970
16064	(443, 168)	'咨'	8144
16065	(1014, 728)	' incred'	8249
16066	(1069, 6081)	'水扁'	8645
16067	(485, 4669)	'estival'	8736
16068	(635, 5108)	'orthern'	8810
16069	(233, 142)	b'\xe9\x8e'	8825
16070	(2753, 2889)	'ESDAY'	8849
16071	(331, 7283)	'lymp'	8996
16072	(523, 155)	'氛'	9044
16073	(418, 1000)	'ilty'	9641
16074	(68, 4232)	'DII'	9696
16075	(492, 2338)	'家宝'	9787
16076	(16048, 419)	'人民共和国'	9810
16077	(1036, 132)	'萄'	9876
16078	(1494, 1104)	'传感'	9943
16079	(1398, 587)	'季后'	9997
16080	(4447, 5834)	'胡锦'	10245
16081	(3973, 83)	'URS'	10361
16082	(2684, 3973)	'ATUR'	10417
16083	(9101, 4766)	'仅供参考'	10428
16084	(648, 170)	'肪'	10429
16085	(114, 626)	'rast'	10522
16086	(6123, 2889)	'RIDAY'	10575
16087	(16081, 2889)	'URSDAY'	10739
16088	(46, 5451)	'.TH'	10833
16089	(233, 144)	b'\xe9\x90'	10834
16090	(4391, 418)	'razil'	10895
16091	(7388, 2490)	' Subsc'	10995
16092	(8653, 818)	'百分点'	11070
16093	(390, 822)	'中关'	11088
16094	(6060, 131)	'璃'	11110
16095	(273, 6551)	'ouston'	11153
16096	(263, 1766)	'reland'	11165
16097	(4552, 279)	'udden'	11182
16098	(761, 8012)	'加坡'	11190
16099	(549, 16024)	'俱乐'	11221
16100	(2634, 16085)	' infrast'	11249
16101	(16082, 2889)	'ATURDAY'	11276
16102	(832, 5463)	'相册'	11278
16103	(720, 144)	'谐'	11294
16104	(278, 8562)	' củ'	11298
16105	(872, 155)	'矛'	11364
16106	(795, 129)	'胁'	11413
16107	(8327, 505)	'leveland'	11422
16108	(3758, 105)	'iami'	11464
16109	(750, 158)	'坞'	11523
16110	(285, 4556)	'esville'	11561
16111	(658, 145)	'镑'	11563
16112	(866, 184)	'ቸ'	11594
16113	(157, 188)	b'\x9d\xbc'	11679
16114	(16048, 2052)	'人民共和國'	11728
16115	(3487, 16109)	'莱坞'	11755
16116	(6928, 8723)	'地图搜索'	11790
16117	(522, 2384)	'abama'	11858
16118	(2366, 1942)	'奥巴'	11860
16119	(10688, 1831)	'adelph'	11862
16120	(2226, 16110)	'ottesville'	12188
16121	(105, 816)	'ivery'	12232
16122	(1181, 1224)	'安东'	12235
16123	(4761, 326)	'valid'	12258
16124	(16119, 738)	'adelphia'	12323
16125	(4720, 283)	'edding'	12364
16126	(1050, 158)	'莞'	12408
16127	(828, 846)	'性价'	12447
16128	(794, 187)	'姻'	12482
16129	(6729, 2889)	'UNDAY'	12499
16130	(1246, 97)	'oola'	12574
16131	(2172, 108)	' confl'	12595
16132	(4162, 283)	'erring'	12629
16133	(318, 783)	' Ira'	12706
16134	(8169, 110)	'lynn'	12731
16135	(2341, 1113)	'索尔'	12758
16136	(579, 562)	'学金'	12826
16137	(2470, 2889)	'ONDAY'	12827
16138	(239, 189)	b'\xef\xbd'	12857
16139	(6191, 275)	'etroit'	12949
16140	(108, 310)	'lom'	12952
16141	(718, 181)	'践'	13008
16142	(4428, 276)	' Color'	13028
16143	(491, 548)	' jour'	13042
16144	(742, 441)	'ucation'	13059
16145	(10411, 8011)	b'\x95\xe1\x80\xab\xe1\x80\x90\xe1\x80'	13096
16146	(6501, 116)	'ột'	13163
16147	(637, 728)	'ivered'	13179
16148	(6400, 2243)	'juana'	13183
16149	(8179, 190)	'憾'	13248
16150	(707, 176)	'汰'	13254
16151	(120, 275)	'xit'	13347
16152	(294, 6168)	' antic'	13352
16153	(1546, 1113)	'爱尔'	13427
16154	(3490, 120)	' approx'	13470
16155	(4532, 265)	'regon'	13552
16156	(85, 16070)	'UESDAY'	13566
16157	(809, 185)	'苹'	13642
16158	(276, 878)	'orage'	13744
16159	(569, 171)	'沫'	13746
16160	(310, 1197)	'ompl'	13749
16161	(2292, 1113)	'切尔'	13774
16162	(337, 142)	'绎'	13823
16163	(3996, 759)	'ermine'	13985
16164	(297, 3862)	' hilar'	13997
16165	(885, 144)	'睐'	14025
16166	(1237, 3641)	'华盛'	14090
16167	(2467, 5557)	'nesota'	14112
16168	(267, 852)	'erous'	14205
16169	(546, 528)	' vul'	14213
16170	(4636, 172)	'蔬'	14226
16171	(10086, 154)	'ਿੱਚ'	14252
16172	(450, 279)	'olen'	14280
16173	(263, 379)	'rese'	14299
16174	(2356, 142)	'擎'	14329
16175	(8789, 272)	'交易所的'	14386
16176	(3512, 12183)	'洛杉'	14395
16177	(872, 182)	'矶'	14435
16178	(11238, 105)	'ười'	14522
16179	(99, 1061)	'coin'	14615
16180	(1867, 188)	'撼'	14634
16181	(803, 379)	'ipse'	14663
16182	(465, 150)	'怖'	14801
16183	(2467, 8974)	'nessee'	14858
16184	(3009, 78)	'EDN'	14921
16185	(589, 148)	' औ'	14970
16186	(1131, 3419)	'英九'	15019
16187	(1154, 8556)	'该股的'	15073
16188	(16184, 16070)	'EDNESDAY'	15148
16189	(354, 3441)	' Soci'	15179
16190	(4836, 2287)	'uhari'	15275
16191	(730, 6141)	'其真实'	15293
16192	(5914, 453)	'观点和'	15317
16193	(8733, 3364)	'一只股票'	15325
16194	(468, 8040)	'以沪深'	15380
16195	(1140, 131)	'垃'	15437
16196	(306, 190)	'圾'	15445
16197	(11709, 2871)	'的新闻报道'	15478
16198	(6658, 7185)	'公告为准'	15508
16199	(3383, 3988)	'投资者注意'	15509
16200	(3594, 2401)	'有效信息'	15555
16201	(386, 4880)	'不保证'	15566
16202	(6742, 3205)	'一切有关'	15614
16203	(1004, 1203)	'建联'	15637
16204	(16199, 3313)	'投资者注意风险'	15652
16205	(6900, 3627)	'并非正式'	15658
16206	(12606, 4062)	'本文属于'	15659
16207	(11785, 16192)	'的个人观点和'	15668
16208	(2670, 16201)	'新浪不保证'	15670
16209	(16208, 16191)	'新浪不保证其真实'	15671
16210	(16202, 16187)	'一切有关该股的'	15672
16211	(16194, 16175)	'以沪深交易所的'	15673
16212	(521, 16193)	'对一只股票'	15678
16213	(16212, 16207)	'对一只股票的个人观点和'	15679
16214	(10178, 828)	'客观性'	15707
16215	(1872, 1894)	'阿根'	15763
16216	(8634, 16214)	'性和客观性'	15790
16217	(1497, 258)	'onsin'	15795
16218	(16206, 12401)	'本文属于研究报告'	15814
16219	(8098, 10168)	'仅为分析人士'	15816
16220	(16219, 16213)	'仅为分析人士对一只股票的个人观点和'	15817
