16000	(131, 189)	b'\x83\xbd'	411
16001	(231, 174)	b'\xe7\xae'	781
16002	(318, 39)	" I'"	803
16003	(466, 654)	' 201'	893
16004	(231, 177)	b'\xe7\xb1'	954
16005	(346, 99)	' bec'	1051
16006	(224, 185)	b'\xe0\xb9'	1249
16007	(73, 39)	"I'"	1547
16008	(1011, 1517)	' includ'	1693
16009	(268, 310)	' wom'	2218
16010	(286, 1143)	' mov'	2305
16011	(282, 1073)	' foll'	2420
16012	(316, 774)	' giv'	2506
16013	(559, 1510)	' proble'	2512
16014	(546, 734)	' vide'	2575
16015	(1158, 141)	'্'	2637
16016	(118, 1253)	'vious'	2875
16017	(430, 175)	'ု'	2879
16018	(264, 2043)	' syst'	2951
16019	(141, 606)	b'\x8d\xe0\xaa'	3017
16020	(1608, 809)	'uesday'	3103
16021	(118, 2023)	'vices'	3179
16022	(2532, 310)	'conom'	3264
16023	(1159, 308)	' partic'	3304
16024	(596, 1017)	' chang'	3338
16025	(2464, 809)	'nesday'	3355
16026	(603, 643)	'artment'	3454
16027	(278, 494)	' cust'	3535
16028	(305, 609)	' lear'	3554
16029	(297, 617)	' hist'	3575
16030	(890, 331)	'itely'	3700
16031	(233, 188)	b'\xe9\xbc'	3813
16032	(297, 369)	' hig'	3826
16033	(292, 2175)	' toget'	3828
16034	(511, 382)	' sever'	3933
16035	(2499, 485)	'uggest'	4206
16036	(400, 831)	'大利'	4267
16037	(282, 638)	' foc'	4320
16038	(686, 100)	' upd'	4350
16039	(256, 1564)	' targ'	4390
16040	(1267, 128)	'础'	4453
16041	(3597, 293)	'ederal'	4493
16042	(434, 528)	' rul'	4512
16043	(2570, 635)	' opport'	4528
16044	(2795, 353)	' charac'	4551
16045	(177, 1643)	b'\xb1\xe4\xb9\x90'	4553
16046	(226, 152)	b'\xe2\x98'	4617
16047	(233, 177)	b'\xe9\xb1'	4636
16048	(3443, 2243)	'ospital'	4638
16049	(596, 621)	' chall'	4674
16050	(2832, 809)	'ursday'	4690
16051	(289, 2644)	' occ'	4715
16052	(1340, 839)	'ancial'	4761
16053	(2416, 418)	'ouncil'	4808
16054	(514, 110)	' conn'	4825
16055	(2506, 104)	' veh'	4826
16056	(294, 4071)	' answ'	4858
16057	(358, 162)	'询'	4859
16058	(1900, 1787)	' surpr'	4884
16059	(402, 370)	'ecut'	4892
16060	(4169, 1791)	'ashington'	4894
16061	(235, 138)	b'\xeb\x8a'	4946
16062	(515, 675)	'though'	5048
16063	(1094, 177)	'ੱ'	5105
16064	(314, 402)	' nec'	5117
16065	(520, 1845)	'来越'	5173
16066	(4223, 2629)	' Austral'	5256
16067	(118, 383)	'vir'	5296
16068	(300, 275)	' init'	5306
16069	(2644, 2309)	'ccording'	5356
16070	(3876, 2162)	' Afric'	5387
16071	(305, 1564)	' larg'	5426
16072	(1631, 138)	'腊'	5443
16073	(306, 179)	'圳'	5471
16074	(2612, 1247)	'istrict'	5527
16075	(16067, 265)	'viron'	5606
16076	(185, 163)	b'\xb9\xa3'	5614
16077	(265, 379)	'onse'	5650
16078	(2230, 1953)	' signific'	5670
16079	(934, 5118)	' immedi'	5672
16080	(1613, 4427)	' individ'	5713
16081	(284, 4807)	' piec'	5724
16082	(1117, 1649)	' Intern'	5729
16083	(1912, 1912)	'----'	5734
16084	(1732, 258)	' opin'	5749
16085	(5164, 101)	'ittee'	5768
16086	(1091, 265)	'ondon'	5773
16087	(4292, 618)	b'\xc6\xb0\xe1\xbb'	5816
16088	(1952, 3254)	'bruary'	5822
16089	(552, 312)	' doll'	5823
16090	(552, 99)	' doc'	5827
16091	(2282, 738)	'ornia'	5861
16092	(421, 651)	' weap'	5867
16093	(720, 147)	'谓'	5892
16094	(346, 3904)	' beaut'	5926
16095	(1075, 2803)	'西班'	6004
16096	(1034, 727)	'色球'	6106
16097	(902, 267)	' ener'	6113
16098	(4302, 3428)	' Associ'	6137
16099	(3785, 293)	'ournal'	6138
16100	(297, 2362)	' htt'	6151
16101	(232, 152)	b'\xe8\x98'	6337
16102	(1060, 1289)	' sched'	6423
16103	(863, 162)	'恢'	6482
16104	(110, 3014)	'noon'	6511
16105	(2177, 5177)	'人民共和'	6518
16106	(4746, 321)	'underst'	6548
16107	(480, 1510)	'rible'	6562
16108	(100, 320)	'dle'	6610
16109	(16064, 574)	' necess'	6614
16110	(4941, 281)	' epis'	6651
16111	(473, 326)	'upid'	6690
16112	(4842, 2268)	'ampionship'	6775
16113	(487, 153)	'浙'	6791
16114	(174, 1286)	b'\xae\xe0\xaf\x8d'	6878
16115	(422, 161)	'贡'	6919
16116	(276, 3232)	'orney'	6924
16117	(137, 180)	b'\x89\xb4'	6939
16118	(1820, 1862)	'porters'	6940
16119	(552, 543)	' doct'	7017
16120	(16106, 5914)	'understorms'	7144
16121	(297, 423)	' hus'	7148
16122	(734, 728)	'idered'	7161
16123	(761, 2125)	'加拿'	7182
16124	(98, 499)	'bum'	7223
16125	(109, 896)	'mber'	7287
16126	(4372, 121)	'razy'	7300
16127	(705, 103)	'reng'	7331
16128	(418, 671)	'ilies'	7404
16129	(554, 103)	' deg'	7426
16130	(3068, 16036)	'澳大利'	7442
16131	(337, 170)	'绪'	7473
16132	(1080, 16125)	'ovember'	7516
16133	(980, 3174)	'意味'	7637
16134	(919, 6521)	' manufact'	7665
16135	(1868, 3912)	'efully'	7669
16136	(2461, 728)	'undred'	7690
16137	(516, 134)	'忆'	7725
16138	(121, 1091)	'yond'	7807
16139	(945, 267)	' exper'	7848
16140	(411, 809)	'terday'	7897
16141	(284, 423)	' pus'	7924
16142	(1089, 99)	'merc'	7936
16143	(2814, 522)	' estab'	7948
16144	(297, 850)	' hous'	7970
16145	(4031, 276)	' Flor'	8049
16146	(308, 6380)	'icago'	8117
16147	(443, 168)	'咨'	8144
16148	(805, 133)	'墅'	8168
16149	(16142, 839)	'mercial'	8226
16150	(1011, 728)	' incred'	8249
16151	(5720, 6528)	'光学变焦'	8293
16152	(233, 172)	b'\xe9\xac'	8295
16153	(95, 116)	'_t'	8410
16154	(1010, 7362)	' Virgin'	8421
16155	(505, 310)	'andom'	8441
16156	(411, 109)	'term'	8452
16157	(2975, 1000)	' behav'	8627
16158	(1066, 6030)	'水扁'	8645
16159	(375, 1682)	'unities'	8696
16160	(1010, 1369)	' Veg'	8734
16161	(485, 4647)	'estival'	8736
16162	(3980, 1408)	'ermany'	8780
16163	(2913, 604)	' advant'	8783
16164	(635, 5076)	'orthern'	8810
16165	(233, 142)	b'\xe9\x8e'	8825
16166	(2749, 2883)	'ESDAY'	8849
16167	(1148, 155)	' છ'	8889
16168	(528, 287)	'uled'	8929
16169	(1339, 281)	' cris'	8978
16170	(331, 7214)	'lymp'	8996
16171	(260, 136)	'丈'	8998
16172	(705, 479)	"ren't"	9035
16173	(523, 155)	'氛'	9044
16174	(683, 168)	'妨'	9060
16175	(1535, 1641)	'仅供'	9174
16176	(642, 265)	'oston'	9201
16177	(6707, 643)	'forcement'	9216
16178	(2219, 161)	'葡'	9232
16179	(46, 99)	'.c'	9319
16180	(739, 176)	'晰'	9399
16181	(405, 147)	'寓'	9409
16182	(614, 1547)	'经销'	9479
16183	(2790, 6933)	'cohol'	9520
16184	(801, 643)	'ipment'	9568
16185	(519, 3022)	'ategy'	9601
16186	(418, 997)	'ilty'	9641
16187	(68, 4216)	'DII'	9696
16188	(492, 2335)	'家宝'	9787
16189	(16105, 419)	'人民共和国'	9810
16190	(46, 70)	'.F'	9823
16191	(7278, 3253)	'anchester'	9851
16192	(1087, 1673)	'样板'	9862
16193	(1033, 132)	'萄'	9876
16194	(1491, 1101)	'传感'	9943
16195	(822, 1369)	' integ'	9977
16196	(1395, 587)	'季后'	9997
16197	(268, 2580)	' www'	10082
16198	(39, 109)	"'m"	10167
16199	(407, 187)	'玻'	10242
16200	(4428, 5786)	'胡锦'	10245
16201	(6267, 678)	'ructure'	10287
16202	(74, 111)	'Jo'	10298
16203	(286, 2981)	' mech'	10333
16204	(3957, 83)	'URS'	10361
16205	(3982, 177)	'橱'	10370
16206	(375, 1259)	'unte'	10388
16207	(353, 636)	'acity'	10396
16208	(1112, 637)	'ressive'	10399
16209	(299, 129)	'允'	10409
16210	(2680, 3957)	'ATUR'	10417
16211	(16175, 4742)	'仅供参考'	10428
16212	(648, 170)	'肪'	10429
16213	(3458, 288)	'iliar'	10451
16214	(379, 6701)	'semb'	10454
16215	(1496, 120)	'lix'	10470
16216	(1560, 757)	' coff'	10472
16217	(114, 626)	'rast'	10522
16218	(818, 322)	'ansion'	10538
16219	(6070, 2883)	'RIDAY'	10575
16220	(510, 746)	' Found'	10601
16221	(16192, 798)	'样板间'	10623
16222	(723, 175)	'涯'	10648
16223	(235, 166)	b'\xeb\xa6'	10659
16224	(480, 876)	'riage'	10668
16225	(531, 116)	' Lt'	10676
16226	(16204, 2883)	'URSDAY'	10739
16227	(1049, 274)	'ordan'	10756
16228	(348, 526)	'adel'	10776
16229	(592, 3045)	' excl'	10825
16230	(46, 5415)	'.TH'	10833
16231	(233, 144)	b'\xe9\x90'	10834
16232	(1110, 918)	'尔特'	10847
16233	(356, 328)	' Tay'	10863
16234	(1900, 2899)	' surger'	10870
16235	(3135, 8957)	'iverpool'	10894
16236	(4372, 418)	'razil'	10895
16237	(4570, 1820)	' Corpor'	10962
16238	(7317, 2487)	' Subsc'	10995
16239	(883, 155)	'睛'	11031
16240	(1552, 1944)	'ossible'	11037
16241	(6205, 345)	'know'	11055
16242	(8560, 816)	'百分点'	11070
16243	(390, 820)	'中关'	11088
16244	(6010, 131)	'璃'	11110
16245	(273, 6492)	'ouston'	11153
16246	(263, 1763)	'reland'	11165
16247	(376, 8266)	' Ariz'	11179
16248	(4531, 279)	'udden'	11182
16249	(761, 7930)	'加坡'	11190
16250	(84, 6202)	'Tube'	11192
16251	(549, 16045)	'俱乐'	11221
16252	(2630, 16217)	' infrast'	11249
16253	(16210, 2883)	'ATURDAY'	11276
16254	(830, 5427)	'相册'	11278
16255	(720, 144)	'谐'	11294
16256	(278, 8470)	' củ'	11298
16257	(1595, 779)	'太平'	11308
16258	(408, 263)	'oore'	11348
16259	(870, 155)	'矛'	11364
16260	(1247, 276)	'ictor'	11395
16261	(794, 129)	'胁'	11413
16262	(236, 138)	b'\xec\x8a'	11421
16263	(8240, 505)	'leveland'	11422
16264	(3743, 105)	'iami'	11464
16265	(102, 16215)	'flix'	11504
16266	(618, 155)	'ớ'	11517
16267	(750, 158)	'坞'	11523
16268	(285, 4535)	'esville'	11561
16269	(658, 145)	'镑'	11563
16270	(500, 103)	'oung'	11564
16271	(2453, 515)	'ength'	11572
16272	(764, 865)	'与此'	11589
16273	(864, 184)	'ቸ'	11594
16274	(112, 4515)	'paper'	11622
16275	(1060, 259)	' sche'	11646
16276	(157, 188)	b'\x9d\xbc'	11679
16277	(2550, 258)	' Clin'	11716
16278	(782, 326)	'raid'	11720
16279	(354, 6518)	' Saud'	11722
16280	(7088, 8255)	' ridicul'	11725
16281	(16105, 2049)	'人民共和國'	11728
16282	(3474, 16267)	'莱坞'	11755
16283	(281, 102)	'isf'	11789
16284	(6864, 8627)	'地图搜索'	11790
16285	(293, 505)	'aland'	11835
16286	(522, 2381)	'abama'	11858
16287	(2363, 1939)	'奥巴'	11860
16288	(16228, 1828)	'adelph'	11862
16289	(5726, 499)	' circum'	11864
16290	(265, 485)	'onest'	11891
16291	(621, 301)	'allas'	11900
16292	(1950, 3022)	'nergy'	11940
16293	(635, 283)	'orting'	11942
16294	(464, 774)	' Div'	11955
16295	(2436, 643)	'velopment'	11960
16296	(641, 3052)	' Ont'	12000
16297	(2223, 16268)	'ottesville'	12188
16298	(105, 814)	'ivery'	12232
16299	(1178, 1221)	'安东'	12235
16300	(4737, 326)	'valid'	12258
16301	(372, 137)	'杉'	12307
16302	(398, 1157)	'urning'	12315
16303	(16288, 738)	'adelphia'	12323
16304	(4307, 637)	'gressive'	12346
16305	(4697, 283)	'edding'	12364
16306	(4484, 108)	' Chel'	12373
16307	(258, 8227)	'instein'	12376
16308	(1047, 158)	'莞'	12408
16309	(561, 189)	'辽'	12417
16310	(826, 844)	'性价'	12447
16311	(898, 141)	'積'	12459
16312	(793, 187)	'姻'	12482
16313	(6667, 2883)	'UNDAY'	12499
16314	(286, 2284)	' mari'	12515
16315	(321, 3868)	'stances'	12550
16316	(916, 331)	'actly'	12554
16317	(2797, 402)	' Spec'	12559
16318	(454, 167)	'歧'	12562
16319	(1243, 97)	'oola'	12574
16320	(2169, 108)	' confl'	12595
16321	(544, 7256)	' franch'	12596
16322	(71, 78)	'GN'	12620
16323	(107, 114)	'kr'	12625
16324	(4146, 283)	'erring'	12629
16325	(5738, 172)	'瞬'	12654
16326	(8037, 5697)	'ੂੰ'	12682
16327	(318, 782)	' Ira'	12706
16328	(4054, 16232)	'凯尔特'	12718
16329	(8084, 110)	'lynn'	12731
16330	(666, 1042)	'本文'	12741
16331	(2338, 1110)	'索尔'	12758
16332	(3102, 2265)	' cerem'	12786
16333	(579, 562)	'学金'	12826
16334	(2467, 2883)	'ONDAY'	12827
16335	(265, 2959)	'onym'	12842
16336	(239, 189)	b'\xef\xbd'	12857
16337	(910, 1519)	'斯卡'	12867
16338	(109, 114)	'mr'	12869
16339	(2503, 7354)	' corrupt'	12885
16340	(1200, 1072)	'联网'	12889
16341	(1039, 293)	' Ital'	12894
16342	(617, 2411)	'istered'	12914
16343	(6138, 275)	'etroit'	12949
16344	(108, 310)	'lom'	12952
16345	(718, 181)	'践'	13008
16346	(8440, 835)	'栏目'	13027
16347	(4409, 276)	' Color'	13028
16348	(5502, 480)	' Patri'	13041
16349	(491, 548)	' jour'	13042
16350	(742, 441)	'ucation'	13059
16351	(10279, 7929)	b'\x95\xe1\x80\xab\xe1\x80\x90\xe1\x80'	13096
16352	(4770, 6249)	' Georg'	13131
16353	(6443, 116)	'ột'	13163
16354	(4531, 121)	'uddy'	13178
16355	(637, 728)	'ivered'	13179
16356	(6345, 2240)	'juana'	13183
16357	(377, 1633)	' Cath'	13221
16358	(669, 173)	'炭'	13241
16359	(8094, 190)	'憾'	13248
16360	(707, 176)	'汰'	13254
16361	(46, 87)	'.W'	13303
16362	(522, 16319)	'aboola'	13315
16363	(120, 275)	'xit'	13347
16364	(294, 6115)	' antic'	13352
16365	(464, 646)	' Die'	13364
16366	(1543, 1110)	'爱尔'	13427
16367	(16087, 163)	'ượ'	13451
16368	(381, 1000)	' heav'	13462
16369	(3477, 120)	' approx'	13470
16370	(846, 187)	'锻'	13484
16371	(345, 98)	'owb'	13496
16372	(7904, 121)	'ademy'	13505
16373	(4511, 265)	'regon'	13552
16374	(85, 16166)	'UESDAY'	13566
16375	(8967, 1710)	'itchen'	13631
16376	(807, 185)	'苹'	13642
16377	(3381, 183)	b' \xea\xb7'	13660
16378	(276, 876)	'orage'	13744
16379	(569, 171)	'沫'	13746
16380	(9722, 188)	'으'	13748
16381	(310, 1194)	'ompl'	13749
16382	(515, 3764)	'thony'	13771
16383	(2289, 1110)	'切尔'	13774
16384	(1502, 2732)	'ootball'	13801
16385	(337, 142)	'绎'	13823
16386	(1234, 1185)	'华德'	13963
16387	(3980, 759)	'ermine'	13985
16388	(297, 3847)	' hilar'	13997
16389	(256, 705)	' tren'	14015
16390	(883, 144)	'睐'	14025
16391	(480, 1182)	'riors'	14059
16392	(1234, 3626)	'华盛'	14090
16393	(274, 1224)	'anish'	14104
16394	(2464, 5521)	'nesota'	14112
16395	(267, 850)	'erous'	14205
16396	(546, 528)	' vul'	14213
16397	(4615, 172)	'蔬'	14226
16398	(9968, 154)	'ਿੱਚ'	14252
16399	(450, 279)	'olen'	14280
16400	(9401, 293)	'senal'	14284
16401	(531, 924)	' Lew'	14289
16402	(263, 379)	'rese'	14299
16403	(2353, 142)	'擎'	14329
16404	(8693, 272)	'交易所的'	14386
16405	(3499, 16301)	'洛杉'	14395
16406	(870, 182)	'矶'	14435
16407	(11085, 105)	'ười'	14522
16408	(99, 1058)	'coin'	14615
16409	(1864, 188)	'撼'	14634
16410	(534, 1772)	'生素'	14637
16411	(801, 379)	'ipse'	14663
16412	(465, 150)	'怖'	14801
16413	(2464, 8873)	'nessee'	14858
16414	(3003, 78)	'EDN'	14921
16415	(589, 148)	' औ'	14970
16416	(1128, 3407)	'英九'	15019
16417	(1151, 8465)	'该股的'	15073
16418	(16059, 637)	'ecutive'	15085
16419	(16414, 16166)	'EDNESDAY'	15148
16420	(313, 153)	'宙'	15170
16421	(354, 3428)	' Soci'	15179
16422	(4809, 2284)	'uhari'	15275
16423	(730, 6088)	'其真实'	15293
16424	(5864, 453)	'观点和'	15317
16425	(8637, 3352)	'一只股票'	15325
16426	(468, 7958)	'以沪深'	15380
16427	(1137, 131)	'垃'	15437
16428	(306, 190)	'圾'	15445
16429	(11541, 2865)	'的新闻报道'	15478
16430	(6596, 7118)	'公告为准'	15508
16431	(3371, 3972)	'投资者注意'	15509
16432	(3579, 2398)	'有效信息'	15555
16433	(386, 4851)	'不保证'	15566
16434	(6679, 3197)	'一切有关'	15614
16435	(1001, 1200)	'建联'	15637
16436	(16431, 3303)	'投资者注意风险'	15652
16437	(6836, 3612)	'并非正式'	15658
16438	(16330, 4046)	'本文属于'	15659
16439	(11613, 16424)	'的个人观点和'	15668
16440	(2666, 16433)	'新浪不保证'	15670
16441	(16440, 16423)	'新浪不保证其真实'	15671
16442	(16434, 16417)	'一切有关该股的'	15672
16443	(16426, 16404)	'以沪深交易所的'	15673
16444	(521, 16425)	'对一只股票'	15678
16445	(16444, 16439)	'对一只股票的个人观点和'	15679
16446	(10058, 826)	'客观性'	15707
16447	(1869, 1891)	'阿根'	15763
16448	(8541, 16446)	'性和客观性'	15790
16449	(1494, 258)	'onsin'	15795
16450	(16438, 12216)	'本文属于研究报告'	15814
16451	(8015, 10048)	'仅为分析人士'	15816
16452	(16451, 16445)	'仅为分析人士对一只股票的个人观点和'	15817
16453	(6837, 574)	'areness'	15913
16454	(620, 1166)	'方达'	15939
16455	(6674, 637)	'secutive'	16042
16456	(1877, 6545)	'wauke'	16175
16457	(1869, 3320)	'阿森'	16202
