16000	(131, 189)	b'\x83\xbd'	417
16001	(439, 315)	'ople'	822
16002	(336, 99)	' bec'	950
16003	(718, 49)	' 201'	1094
16004	(73, 39)	"I'"	1356
16005	(936, 1400)	' includ'	1559
16006	(1348, 825)	' differe'	1612
16007	(1263, 315)	' proble'	2034
16008	(499, 1330)	' produ'	2140
16009	(286, 1099)	' mov'	2216
16010	(311, 686)	' giv'	2235
16011	(904, 351)	' contro'	2651
16012	(812, 322)	'itely'	3248
16013	(294, 364)	' hig'	3343
16014	(293, 1530)	' toget'	3447
16015	(1407, 424)	' invol'	3553
16016	(521, 1968)	' sugg'	3565
16017	(1520, 141)	'্'	3592
16018	(141, 773)	b'\x8d\xe0\xaa'	4099
16019	(962, 101)	' dise'	4364
16020	(2549, 3013)	' opportun'	4568
16021	(2105, 3571)	'人民共和'	4608
16022	(2308, 552)	'minist'	4823
16023	(284, 4104)	' piec'	4852
16024	(394, 4004)	'oogle'	4962
16025	(301, 4101)	' langu'	4966
16026	(1677, 259)	' opin'	4978
16027	(16002, 308)	' becom'	5013
16028	(177, 1670)	b'\xb1\xe4\xb9\x90'	5105
16029	(1322, 445)	' attem'	5134
16030	(3310, 2251)	'ospital'	5213
16031	(2511, 104)	' veh'	5258
16032	(1388, 128)	'础'	5280
16033	(1577, 2417)	'ccording'	5349
16034	(673, 640)	'idered'	5462
16035	(1790, 118)	' obv'	5485
16036	(794, 4814)	' immedi'	5487
16037	(544, 1836)	'来越'	5652
16038	(1681, 278)	'ysis'	5686
16039	(239, 189)	b'\xef\xbd'	5757
16040	(404, 579)	' weap'	5779
16041	(2664, 940)	' behav'	5840
16042	(948, 2652)	'西班'	5868
16043	(294, 2405)	' htt'	5925
16044	(537, 103)	' deg'	5990
16045	(2811, 112)	' purp'	6128
16046	(226, 152)	b'\xe2\x98'	6245
16047	(4362, 278)	' epis'	6356
16048	(298, 733)	' thous'	6360
16049	(493, 450)	' neigh'	6368
16050	(314, 179)	'圳'	6442
16051	(235, 138)	b'\xeb\x8a'	6740
16052	(1430, 177)	'ੱ'	6940
16053	(1645, 3637)	'efully'	6981
16054	(977, 1210)	' sched'	7054
16055	(109, 848)	'mber'	7074
16056	(5284, 110)	' _n'	7141
16057	(16021, 433)	'人民共和国'	7168
16058	(1056, 132)	'萄'	7264
16059	(971, 16055)	'ovember'	7367
16060	(185, 163)	b'\xb9\xa3'	7554
16061	(606, 4518)	'orthern'	7717
16062	(936, 640)	' incred'	7844
16063	(16021, 1155)	'人民共和國'	7998
16064	(343, 1800)	'acters'	8190
16065	(799, 2227)	'ionship'	8210
16066	(1179, 842)	'色球'	8246
16067	(3737, 273)	' Flor'	8399
16068	(2260, 278)	' legis'	8407
16069	(3506, 4135)	'澳大利'	8740
16070	(108, 95)	'l_'	9408
16071	(457, 168)	'咨'	10002
16072	(2347, 277)	'dden'	10011
16073	(322, 4865)	'lymp'	10014
16074	(3394, 271)	' Commit'	10213
16075	(262, 1665)	'reland'	10588
16076	(4835, 172)	'瞬'	10668
16077	(407, 1050)	'ilty'	10801
16078	(362, 2941)	' Soci'	10809
16079	(1854, 108)	' confl'	11109
16080	(1708, 8201)	'林匹'	11234
16081	(2027, 10083)	' infrast'	11342
16082	(461, 150)	'怖'	11364
16083	(1775, 1140)	'ricult'	11434
16084	(721, 185)	'苹'	11456
16085	(1080, 7607)	'水扁'	11562
16086	(816, 155)	'矛'	11575
16087	(709, 176)	'晰'	11672
16088	(5278, 131)	'璃'	11774
16089	(308, 891)	'ompl'	11780
16090	(3019, 1944)	'ervices'	11817
16091	(105, 724)	'ivery'	11830
16092	(856, 7885)	'加坡'	11951
16093	(1506, 155)	' છ'	11985
16094	(597, 16028)	'俱乐'	12052
16095	(811, 187)	'姻'	12149
16096	(8864, 3347)	'anchester'	12208
16097	(294, 3306)	' hilar'	12262
16098	(1256, 131)	'垃'	12285
16099	(314, 190)	'圾'	12346
16100	(395, 3486)	' Muse'	12496
16101	(9098, 5762)	'rizona'	12528
16102	(1451, 860)	' empt'	12547
16103	(916, 129)	'胁'	12684
16104	(685, 1982)	'经销'	12735
16105	(731, 144)	'谐'	12743
16106	(532, 2415)	'家宝'	12797
16107	(1642, 627)	'季后'	12828
16108	(4308, 148)	'織'	12831
16109	(572, 640)	'ivered'	12915
16110	(258, 2331)	'heme'	12996
16111	(708, 170)	'肪'	13020
16112	(270, 6838)	'ouston'	13103
16113	(68, 4186)	'DII'	13174
16114	(2877, 10445)	'iverpool'	13182
16115	(481, 2816)	'abama'	13184
16116	(324, 153)	'宙'	13260
16117	(990, 2078)	'样板'	13315
16118	(11900, 1733)	'adelph'	13334
16119	(1627, 1097)	'传感'	13378
16120	(1052, 479)	'veland'	13424
16121	(284, 1496)	' phen'	13462
16122	(755, 113)	'raq'	13475
16123	(2122, 629)	'ername'	13531
16124	(337, 172)	'尬'	13564
16125	(2395, 4232)	' Zeal'	13616
16126	(2020, 137)	'築'	13633
16127	(6846, 190)	'憾'	13763
16128	(16118, 736)	'adelphia'	13813
16129	(5095, 105)	'iami'	13849
16130	(4562, 6293)	'胡锦'	13873
16131	(4604, 885)	'羅斯'	13975
16132	(814, 158)	'坞'	13985
16133	(117, 683)	'uine'	14005
16134	(12126, 6029)	'仅供参考'	14006
16135	(862, 410)	' acce'	14058
16136	(3086, 4510)	' equival'	14104
16137	(337, 180)	'尴'	14115
16138	(1804, 1440)	'巴马'	14171
16139	(5600, 83)	'URS'	14252
16140	(7854, 3843)	'RIDAY'	14253
16141	(8269, 871)	'respond'	14317
16142	(7932, 271)	'etroit'	14391
16143	(2167, 932)	'tenance'	14407
16144	(16117, 921)	'样板间'	14429
16145	(2400, 5559)	'scribe'	14433
16146	(548, 1095)	'resents'	14524
16147	(521, 99)	' suc'	14537
16148	(16139, 3843)	'URSDAY'	14556
16149	(457, 150)	'咖'	14587
16150	(292, 9455)	' dipl'	14600
16151	(3923, 16132)	'莱坞'	14615
16152	(481, 3456)	'abeth'	14637
16153	(398, 950)	'中关'	14684
16154	(46, 5783)	'.TH'	14694
16155	(2640, 5600)	'ATUR'	14828
16156	(2972, 5542)	'nesota'	14855
16157	(112, 95)	'p_'	14904
16158	(719, 176)	'汰'	14949
16159	(1130, 158)	'莞'	15126
16160	(676, 145)	'镑'	15130
16161	(10634, 886)	'百分点'	15192
16162	(1365, 1177)	'爱尔'	15205
16163	(1202, 1193)	'安东'	15266
16164	(275, 11539)	' củ'	15286
16165	(800, 161)	'啡'	15436
16166	(907, 1020)	'性价'	15540
16167	(368, 1050)	'verty'	15918
16168	(8899, 10284)	'地图搜索'	15925
16169	(1200, 259)	'onsin'	15970
