14000	(131, 189)	b'\x83\xbd'	411
14001	(318, 39)	" I'"	803
14002	(466, 654)	' 201'	893
14003	(346, 99)	' bec'	1051
14004	(73, 39)	"I'"	1547
14005	(1013, 1520)	' includ'	1693
14006	(268, 310)	' wom'	2218
14007	(286, 1145)	' mov'	2305
14008	(316, 774)	' giv'	2506
14009	(559, 1513)	' proble'	2512
14010	(1160, 141)	'্'	2637
14011	(264, 2046)	' syst'	2951
14012	(141, 606)	b'\x8d\xe0\xaa'	3017
14013	(2536, 310)	'conom'	3264
14014	(297, 617)	' hist'	3575
14015	(891, 331)	'itely'	3700
14016	(233, 188)	b'\xe9\xbc'	3813
14017	(297, 369)	' hig'	3826
14018	(292, 2178)	' toget'	3828
14019	(2503, 485)	'uggest'	4206
14020	(282, 638)	' foc'	4320
14021	(256, 1567)	' targ'	4390
14022	(1270, 128)	'础'	4453
14023	(2575, 635)	' opport'	4528
14024	(2800, 353)	' charac'	4551
14025	(177, 1646)	b'\xb1\xe4\xb9\x90'	4553
14026	(226, 152)	b'\xe2\x98'	4617
14027	(233, 177)	b'\xe9\xb1'	4636
14028	(3456, 2246)	'ospital'	4638
14029	(596, 621)	' chall'	4674
14030	(2420, 418)	'ouncil'	4808
14031	(2510, 104)	' veh'	4826
14032	(1903, 1790)	' surpr'	4884
14033	(1096, 177)	'ੱ'	5105
14034	(520, 1848)	'来越'	5173
14035	(4239, 2634)	' Austral'	5256
14036	(300, 275)	' init'	5306
14037	(2649, 2312)	'ccording'	5356
14038	(305, 1567)	' larg'	5426
14039	(1634, 138)	'腊'	5443
14040	(306, 179)	'圳'	5471
14041	(2617, 1250)	'istrict'	5527
14042	(185, 163)	b'\xb9\xa3'	5614
14043	(284, 4833)	' piec'	5724
14044	(5195, 101)	'ittee'	5768
14045	(1955, 3263)	'bruary'	5822
14046	(421, 651)	' weap'	5867
14047	(1077, 2808)	'西班'	6004
14048	(1036, 727)	'色球'	6106
14049	(297, 2365)	' htt'	6151
14050	(864, 162)	'恢'	6482
14051	(2180, 5208)	'人民共和'	6518
14052	(4870, 2271)	'ampionship'	6775
14053	(276, 3241)	'orney'	6924
14054	(137, 180)	b'\x89\xb4'	6939
14055	(1823, 1865)	'porters'	6940
14056	(552, 543)	' doct'	7017
14057	(734, 728)	'idered'	7161
14058	(109, 897)	'mber'	7287
14059	(418, 671)	'ilies'	7404
14060	(3075, 4247)	'澳大利'	7442
14061	(1082, 14058)	'ovember'	7516
14062	(1871, 3928)	'efully'	7669
14063	(516, 134)	'忆'	7725
14064	(1091, 99)	'merc'	7936
14065	(443, 168)	'咨'	8144
14066	(1013, 728)	' incred'	8249
14067	(1068, 6079)	'水扁'	8645
14068	(233, 142)	b'\xe9\x8e'	8825
14069	(331, 7283)	'lymp'	8996
14070	(642, 265)	'oston'	9201
14071	(2222, 161)	'葡'	9232
14072	(739, 176)	'晰'	9399
14073	(614, 1550)	'经销'	9479
14074	(519, 3029)	'ategy'	9601
14075	(418, 999)	'ilty'	9641
14076	(68, 4232)	'DII'	9696
14077	(492, 2338)	'家宝'	9787
14078	(14051, 419)	'人民共和国'	9810
14079	(7347, 3262)	'anchester'	9851
14080	(1089, 1676)	'样板'	9862
14081	(1035, 132)	'萄'	9876
14082	(1494, 1103)	'传感'	9943
14083	(823, 1372)	' integ'	9977
14084	(1398, 587)	'季后'	9997
14085	(4446, 5832)	'胡锦'	10245
14086	(3973, 83)	'URS'	10361
14087	(2685, 3973)	'ATUR'	10417
14088	(9104, 4765)	'仅供参考'	10428
14089	(648, 170)	'肪'	10429
14090	(3471, 288)	'iliar'	10451
14091	(1499, 120)	'lix'	10470
14092	(1563, 757)	' coff'	10472
14093	(114, 626)	'rast'	10522
14094	(6121, 2890)	'RIDAY'	10575
14095	(723, 175)	'涯'	10648
14096	(14086, 2890)	'URSDAY'	10739
14097	(348, 526)	'adel'	10776
14098	(46, 5448)	'.TH'	10833
14099	(233, 144)	b'\xe9\x90'	10834
14100	(1903, 2906)	' surger'	10870
14101	(3143, 9062)	'iverpool'	10894
14102	(4390, 418)	'razil'	10895
14103	(7387, 2491)	' Subsc'	10995
14104	(8652, 817)	'百分点'	11070
14105	(390, 821)	'中关'	11088
14106	(6058, 131)	'璃'	11110
14107	(273, 6548)	'ouston'	11153
14108	(263, 1766)	'reland'	11165
14109	(4551, 279)	'udden'	11182
14110	(761, 8011)	'加坡'	11190
14111	(549, 14025)	'俱乐'	11221
14112	(2635, 14093)	' infrast'	11249
14113	(14087, 2890)	'ATURDAY'	11276
14114	(831, 5460)	'相册'	11278
14115	(720, 144)	'谐'	11294
14116	(278, 8561)	' củ'	11298
14117	(871, 155)	'矛'	11364
14118	(795, 129)	'胁'	11413
14119	(8326, 505)	'leveland'	11422
14120	(3758, 105)	'iami'	11464
14121	(750, 158)	'坞'	11523
14122	(285, 4555)	'esville'	11561
14123	(658, 145)	'镑'	11563
14124	(764, 866)	'与此'	11589
14125	(865, 184)	'ቸ'	11594
14126	(157, 188)	b'\x9d\xbc'	11679
14127	(14051, 2052)	'人民共和國'	11728
14128	(3487, 14121)	'莱坞'	11755
14129	(6927, 8723)	'地图搜索'	11790
14130	(522, 2384)	'abama'	11858
14131	(2366, 1942)	'奥巴'	11860
14132	(14097, 1831)	'adelph'	11862
14133	(1953, 3029)	'nergy'	11940
14134	(2440, 643)	'velopment'	11960
14135	(2226, 14122)	'ottesville'	12188
14136	(105, 815)	'ivery'	12232
14137	(1180, 1223)	'安东'	12235
14138	(4760, 326)	'valid'	12258
14139	(14132, 738)	'adelphia'	12323
14140	(4719, 283)	'edding'	12364
14141	(4504, 108)	' Chel'	12373
14142	(1049, 158)	'莞'	12408
14143	(827, 845)	'性价'	12447
14144	(794, 187)	'姻'	12482
14145	(6727, 2890)	'UNDAY'	12499
14146	(286, 2287)	' mari'	12515
14147	(321, 3883)	'stances'	12550
14148	(1246, 97)	'oola'	12574
14149	(2172, 108)	' confl'	12595
14150	(544, 7325)	' franch'	12596
14151	(4162, 283)	'erring'	12629
14152	(318, 783)	' Ira'	12706
14153	(8168, 110)	'lynn'	12731
14154	(2341, 1112)	'索尔'	12758
14155	(579, 562)	'学金'	12826
14156	(2471, 2890)	'ONDAY'	12827
14157	(239, 189)	b'\xef\xbd'	12857
14158	(6189, 275)	'etroit'	12949
14159	(718, 181)	'践'	13008
14160	(10403, 8010)	b'\x95\xe1\x80\xab\xe1\x80\x90\xe1\x80'	13096
14161	(637, 728)	'ivered'	13179
14162	(6398, 2243)	'juana'	13183
14163	(707, 176)	'汰'	13254
14164	(294, 6166)	' antic'	13352
14165	(1546, 1112)	'爱尔'	13427
14166	(808, 185)	'苹'	13642
14167	(3996, 759)	'ermine'	13985
