10000	(131, 189)	b'\x83\xbd'	424
10001	(321, 99)	' bec'	811
10002	(73, 39)	"I'"	1162
10003	(1033, 582)	' diffe'	1219
10004	(831, 1259)	' includ'	1406
10005	(366, 1630)	' Americ'	1759
10006	(308, 595)	' giv'	1887
10007	(831, 260)	' incre'	1892
10008	(393, 101)	' wee'	1899
10009	(848, 269)	' grou'	2039
10010	(516, 914)	' chang'	2268
10011	(777, 101)	' dise'	2502
10012	(490, 602)	' vide'	2540
10013	(297, 356)	' hig'	2768
10014	(289, 1378)	' toget'	2963
10015	(419, 840)	' conne'	3011
10016	(300, 2628)	' langu'	3065
10017	(1926, 2386)	'人民共和'	3121
10018	(1306, 801)	'ecause'	3190
10019	(239, 189)	b'\xef\xbd'	3237
10020	(324, 759)	'是法'	3276
10021	(418, 118)	' mov'	3417
10022	(118, 1848)	'vices'	3467
10023	(572, 1837)	'ciety'	3718
10024	(3302, 110)	' _n'	3722
10025	(403, 110)	'hern'	3802
10026	(2215, 854)	' behav'	3837
10027	(602, 562)	'idered'	3934
10028	(288, 740)	' dru'	3937
10029	(2283, 439)	' estab'	3996
10030	(516, 549)	' chall'	4021
10031	(2502, 1465)	' Afric'	4043
10032	(2265, 112)	' purp'	4275
10033	(427, 103)	' deg'	4358
10034	(1358, 118)	' obv'	4537
10035	(2444, 2745)	' opportun'	4577
10036	(881, 1023)	'rences'	4824
10037	(1686, 161)	'葡'	4855
10038	(10017, 504)	'人民共和国'	4881
10039	(108, 95)	'l_'	4928
10040	(1070, 132)	'萄'	5010
10041	(295, 622)	' thous'	5205
10042	(10017, 743)	'人民共和國'	5277
10043	(763, 2621)	'ccording'	5328
10044	(393, 724)	' weap'	5560
10045	(1320, 144)	'荐'	5600
10046	(791, 2373)	'西班'	5604
10047	(384, 1639)	'iforn'	5659
10048	(10047, 756)	'ifornia'	5802
10049	(459, 1069)	' neigh'	6004
10050	(1545, 5222)	'林匹'	6151
10051	(669, 442)	'acters'	6318
10052	(306, 2204)	'lebr'	6355
10053	(361, 3075)	'cember'	6727
10054	(1749, 1076)	'flict'	6777
10055	(917, 2286)	'hington'	6804
10056	(1831, 588)	'越来'	6810
10057	(769, 502)	'ipment'	6951
10058	(985, 3075)	'ovember'	7040
10059	(289, 3966)	' tomor'	7140
10060	(312, 562)	'vered'	7272
10061	(1465, 786)	'ricult'	7365
10062	(120, 105)	'xi'	7483
10063	(306, 426)	'lege'	7531
10064	(2059, 889)	b'\xe7\x9c\xbc\xe7\x9d'	7560
10065	(112, 95)	'p_'	7564
10066	(1114, 2259)	'加拿'	7583
10067	(740, 837)	'ruary'	7592
10068	(3387, 148)	'織'	7594
10069	(2609, 860)	'羅斯'	7622
10070	(5012, 1082)	'rieved'	7750
10071	(344, 1823)	' Tex'	7771
10072	(280, 691)	'orage'	7830
10073	(2370, 275)	'dden'	7852
10074	(920, 5076)	' coffe'	7881
10075	(777, 598)	' disag'	7998
10076	(5017, 860)	'穆斯'	8036
10077	(468, 150)	'怖'	8127
10078	(10062, 1837)	'xiety'	8230
10079	(3798, 172)	'瞬'	8250
10080	(582, 562)	'fered'	8317
10081	(1864, 160)	'負'	8346
10082	(32, 3646)	' ille'	8373
10083	(395, 336)	'raid'	8419
10084	(401, 1642)	'terday'	8505
10085	(1804, 301)	' polic'	8520
10086	(104, 1001)	'hors'	8615
10087	(278, 1061)	'essel'	8668
10088	(437, 1731)	'ategy'	8688
10089	(1460, 1817)	b'\xe5\x9f\xba\xe7\xa1'	8789
10090	(638, 185)	'苹'	8900
10091	(526, 187)	'逻'	8915
10092	(3576, 280)	' Flor'	8941
10093	(2122, 137)	'築'	8954
10094	(1747, 131)	'垃'	8992
10095	(121, 2375)	'ygen'	9027
10096	(338, 190)	'圾'	9074
10097	(303, 667)	'ompl'	9438
10098	(260, 1516)	'reland'	9441
10099	(692, 151)	'晗'	9499
10100	(338, 179)	'圳'	9610
