12000	(131, 189)	b'\x83\xbd'	411
12001	(231, 174)	b'\xe7\xae'	781
12002	(318, 39)	" I'"	803
12003	(466, 654)	' 201'	893
12004	(231, 177)	b'\xe7\xb1'	954
12005	(73, 39)	"I'"	1547
12006	(1011, 1519)	' includ'	1693
12007	(559, 100)	' prod'	2048
12008	(231, 147)	b'\xe7\x93'	2191
12009	(268, 310)	' wom'	2218
12010	(286, 1144)	' mov'	2305
12011	(316, 774)	' giv'	2506
12012	(559, 1512)	' proble'	2512
12013	(546, 734)	' vide'	2575
12014	(1159, 141)	'্'	2637
12015	(264, 2044)	' syst'	2951
12016	(141, 606)	b'\x8d\xe0\xaa'	3017
12017	(1610, 809)	'uesday'	3103
12018	(118, 2025)	'vices'	3179
12019	(1160, 308)	' partic'	3304
12020	(596, 1017)	' chang'	3338
12021	(2465, 809)	'nesday'	3355
12022	(305, 609)	' lear'	3554
12023	(297, 617)	' hist'	3575
12024	(890, 331)	'itely'	3700
12025	(297, 369)	' hig'	3826
12026	(292, 2176)	' toget'	3828
12027	(511, 382)	' sever'	3933
12028	(97, 1101)	'aign'	4143
12029	(2500, 485)	'uggest'	4206
12030	(400, 831)	'大利'	4267
12031	(282, 638)	' foc'	4320
12032	(1269, 128)	'础'	4453
12033	(3603, 293)	'ederal'	4493
12034	(2571, 635)	' opport'	4528
12035	(2796, 353)	' charac'	4551
12036	(177, 1645)	b'\xb1\xe4\xb9\x90'	4553
12037	(226, 152)	b'\xe2\x98'	4617
12038	(233, 177)	b'\xe9\xb1'	4636
12039	(3448, 2243)	'ospital'	4638
12040	(596, 621)	' chall'	4674
12041	(2833, 809)	'ursday'	4690
12042	(2417, 418)	'ouncil'	4808
12043	(2507, 104)	' veh'	4826
12044	(391, 811)	' Mich'	4863
12045	(4175, 1793)	'ashington'	4894
12046	(235, 138)	b'\xeb\x8a'	4946
12047	(1095, 177)	'ੱ'	5105
12048	(520, 1847)	'来越'	5173
12049	(4229, 2630)	' Austral'	5256
12050	(118, 383)	'vir'	5296
12051	(3883, 2163)	' Afric'	5387
12052	(305, 1566)	' larg'	5426
12053	(1633, 138)	'腊'	5443
12054	(306, 179)	'圳'	5471
12055	(2613, 1249)	'istrict'	5527
12056	(12050, 265)	'viron'	5606
12057	(185, 163)	b'\xb9\xa3'	5614
12058	(265, 379)	'onse'	5650
12059	(2230, 1955)	' signific'	5670
12060	(1615, 4435)	' individ'	5713
12061	(1914, 1914)	'----'	5734
12062	(5181, 101)	'ittee'	5768
12063	(1092, 265)	'ondon'	5773
12064	(1954, 3258)	'bruary'	5822
12065	(552, 312)	' doll'	5823
12066	(552, 99)	' doc'	5827
12067	(2282, 738)	'ornia'	5861
12068	(421, 651)	' weap'	5867
12069	(720, 147)	'谓'	5892
12070	(1076, 2804)	'西班'	6004
12071	(1034, 727)	'色球'	6106
12072	(902, 267)	' ener'	6113
12073	(4308, 3433)	' Associ'	6137
12074	(297, 2362)	' htt'	6151
12075	(232, 152)	b'\xe8\x98'	6337
12076	(863, 162)	'恢'	6482
12077	(110, 3017)	'noon'	6511
12078	(2178, 5194)	'人民共和'	6518
12079	(4757, 321)	'underst'	6548
12080	(256, 977)	' tick'	6570
12081	(100, 320)	'dle'	6610
12082	(473, 326)	'upid'	6690
12083	(419, 1123)	'国务'	6770
12084	(4857, 2268)	'ampionship'	6775
12085	(487, 153)	'浙'	6791
12086	(356, 2251)	' Tex'	6869
12087	(422, 161)	'贡'	6919
12088	(137, 180)	b'\x89\xb4'	6939
12089	(2477, 101)	'inese'	7046
12090	(297, 423)	' hus'	7148
12091	(734, 728)	'idered'	7161
12092	(761, 2126)	'加拿'	7182
12093	(98, 499)	'bum'	7223
12094	(109, 896)	'mber'	7287
12095	(4380, 121)	'razy'	7300
12096	(705, 103)	'reng'	7331
12097	(418, 671)	'ilies'	7404
12098	(3071, 12030)	'澳大利'	7442
12099	(337, 170)	'绪'	7473
12100	(383, 3370)	'irgin'	7494
12101	(1081, 12094)	'ovember'	7516
12102	(980, 3177)	'意味'	7637
12103	(2462, 728)	'undred'	7690
12104	(121, 1092)	'yond'	7807
12105	(411, 809)	'terday'	7897
12106	(1090, 99)	'merc'	7936
12107	(4038, 276)	' Flor'	8049
12108	(308, 6407)	'icago'	8117
12109	(443, 168)	'咨'	8144
12110	(805, 133)	'墅'	8168
12111	(12106, 839)	'mercial'	8226
12112	(104, 2362)	'htt'	8259
12113	(5743, 6556)	'光学变焦'	8293
12114	(233, 172)	b'\xe9\xac'	8295
12115	(1010, 12100)	' Virgin'	8421
12116	(505, 310)	'andom'	8441
12117	(411, 109)	'term'	8452
12118	(1067, 6055)	'水扁'	8645
12119	(2485, 267)	' deter'	8690
12120	(375, 1684)	'unities'	8696
12121	(1010, 1371)	' Veg'	8734
12122	(395, 142)	'赎'	8770
12123	(458, 6106)	'agram'	8776
12124	(3987, 1410)	'ermany'	8780
12125	(2916, 604)	' advant'	8783
12126	(233, 142)	b'\xe9\x8e'	8825
12127	(2847, 7642)	' basket'	8830
12128	(1149, 155)	' છ'	8889
12129	(528, 287)	'uled'	8929
12130	(1341, 281)	' cris'	8978
12131	(331, 7245)	'lymp'	8996
12132	(260, 136)	'丈'	8998
12133	(705, 479)	"ren't"	9035
12134	(683, 168)	'妨'	9060
12135	(1537, 1643)	'仅供'	9174
12136	(642, 265)	'oston'	9201
12137	(6735, 643)	'forcement'	9216
12138	(2219, 161)	'葡'	9232
12139	(46, 99)	'.c'	9319
12140	(3008, 486)	'派出'	9380
12141	(739, 176)	'晰'	9399
12142	(405, 147)	'寓'	9409
12143	(282, 446)	' fif'	9451
12144	(614, 1549)	'经销'	9479
12145	(2791, 6963)	'cohol'	9520
12146	(4870, 2882)	' Secret'	9525
12147	(801, 643)	'ipment'	9568
12148	(519, 3025)	'ategy'	9601
12149	(418, 997)	'ilty'	9641
12150	(68, 4222)	'DII'	9696
12151	(492, 2335)	'家宝'	9787
12152	(12078, 419)	'人民共和国'	9810
12153	(46, 70)	'.F'	9823
12154	(7309, 3257)	'anchester'	9851
12155	(1088, 1675)	'样板'	9862
12156	(1033, 132)	'萄'	9876
12157	(4027, 258)	'evin'	9917
12158	(1065, 5380)	' telev'	9929
12159	(1493, 1102)	'传感'	9943
12160	(822, 1371)	' integ'	9977
12161	(1397, 587)	'季后'	9997
12162	(588, 458)	' Eag'	10017
12163	(268, 2581)	' www'	10082
12164	(39, 109)	"'m"	10167
12165	(407, 187)	'玻'	10242
12166	(4436, 5810)	'胡锦'	10245
12167	(6293, 678)	'ructure'	10287
12168	(286, 2984)	' mech'	10333
12169	(3964, 83)	'URS'	10361
12170	(3989, 177)	'橱'	10370
12171	(375, 1261)	'unte'	10388
12172	(353, 636)	'acity'	10396
12173	(1113, 637)	'ressive'	10399
12174	(299, 129)	'允'	10409
12175	(2681, 3964)	'ATUR'	10417
12176	(12135, 4753)	'仅供参考'	10428
12177	(648, 170)	'肪'	10429
12178	(3463, 288)	'iliar'	10451
12179	(1498, 120)	'lix'	10470
12180	(1562, 757)	' coff'	10472
12181	(114, 626)	'rast'	10522
12182	(6096, 2886)	'RIDAY'	10575
12183	(12155, 798)	'样板间'	10623
12184	(723, 175)	'涯'	10648
12185	(12169, 2886)	'URSDAY'	10739
12186	(1050, 274)	'ordan'	10756
12187	(348, 526)	'adel'	10776
12188	(46, 5434)	'.TH'	10833
12189	(233, 144)	b'\xe9\x90'	10834
12190	(1902, 2902)	' surger'	10870
12191	(3138, 8997)	'iverpool'	10894
12192	(4380, 418)	'razil'	10895
12193	(7349, 2488)	' Subsc'	10995
12194	(8599, 816)	'百分点'	11070
12195	(390, 820)	'中关'	11088
12196	(6035, 131)	'璃'	11110
12197	(273, 6519)	'ouston'	11153
12198	(263, 1765)	'reland'	11165
12199	(4540, 279)	'udden'	11182
12200	(761, 7968)	'加坡'	11190
12201	(549, 12036)	'俱乐'	11221
12202	(2631, 12181)	' infrast'	11249
12203	(12175, 2886)	'ATURDAY'	11276
12204	(830, 5446)	'相册'	11278
12205	(720, 144)	'谐'	11294
12206	(278, 8510)	' củ'	11298
12207	(794, 129)	'胁'	11413
12208	(750, 158)	'坞'	11523
12209	(285, 4544)	'esville'	11561
12210	(157, 188)	b'\x9d\xbc'	11679
12211	(6894, 8665)	'地图搜索'	11790
