12000	(131, 189)	b'\x83\xbd'	411
12001	(318, 39)	" I'"	803
12002	(466, 654)	' 201'	893
12003	(73, 39)	"I'"	1547
12004	(1013, 1521)	' includ'	1693
12005	(268, 310)	' wom'	2218
12006	(286, 1146)	' mov'	2305
12007	(316, 774)	' giv'	2506
12008	(559, 1514)	' proble'	2512
12009	(546, 734)	' vide'	2575
12010	(1161, 141)	'্'	2637
12011	(264, 2047)	' syst'	2951
12012	(141, 606)	b'\x8d\xe0\xaa'	3017
12013	(596, 1019)	' chang'	3338
12014	(297, 617)	' hist'	3575
12015	(891, 331)	'itely'	3700
12016	(297, 369)	' hig'	3826
12017	(292, 2179)	' toget'	3828
12018	(511, 382)	' sever'	3933
12019	(2504, 485)	'uggest'	4206
12020	(400, 832)	'大利'	4267
12021	(282, 638)	' foc'	4320
12022	(1271, 128)	'础'	4453
12023	(3612, 293)	'ederal'	4493
12024	(2575, 635)	' opport'	4528
12025	(2800, 353)	' charac'	4551
12026	(177, 1647)	b'\xb1\xe4\xb9\x90'	4553
12027	(226, 152)	b'\xe2\x98'	4617
12028	(233, 177)	b'\xe9\xb1'	4636
12029	(3456, 2247)	'ospital'	4638
12030	(596, 621)	' chall'	4674
12031	(2837, 810)	'ursday'	4690
12032	(2421, 418)	'ouncil'	4808
12033	(2511, 104)	' veh'	4826
12034	(235, 138)	b'\xeb\x8a'	4946
12035	(1097, 177)	'ੱ'	5105
12036	(520, 1849)	'来越'	5173
12037	(4239, 2634)	' Austral'	5256
12038	(305, 1568)	' larg'	5426
12039	(1635, 138)	'腊'	5443
12040	(306, 179)	'圳'	5471
12041	(2617, 1251)	'istrict'	5527
12042	(185, 163)	b'\xb9\xa3'	5614
12043	(1617, 4445)	' individ'	5713
12044	(5193, 101)	'ittee'	5768
12045	(1956, 3264)	'bruary'	5822
12046	(2286, 738)	'ornia'	5861
12047	(421, 651)	' weap'	5867
12048	(1078, 2808)	'西班'	6004
12049	(1036, 727)	'色球'	6106
12050	(297, 2366)	' htt'	6151
12051	(864, 162)	'恢'	6482
12052	(2181, 5206)	'人民共和'	6518
12053	(100, 320)	'dle'	6610
12054	(4869, 2272)	'ampionship'	6775
12055	(137, 180)	b'\x89\xb4'	6939
12056	(297, 423)	' hus'	7148
12057	(734, 728)	'idered'	7161
12058	(761, 2129)	'加拿'	7182
12059	(98, 499)	'bum'	7223
12060	(109, 897)	'mber'	7287
12061	(418, 671)	'ilies'	7404
12062	(3075, 12020)	'澳大利'	7442
12063	(337, 170)	'绪'	7473
12064	(1083, 12060)	'ovember'	7516
12065	(121, 1094)	'yond'	7807
12066	(411, 810)	'terday'	7897
12067	(1092, 99)	'merc'	7936
12068	(4047, 276)	' Flor'	8049
12069	(443, 168)	'咨'	8144
12070	(806, 133)	'墅'	8168
12071	(1012, 7430)	' Virgin'	8421
12072	(1069, 6078)	'水扁'	8645
12073	(375, 1686)	'unities'	8696
12074	(1012, 1373)	' Veg'	8734
12075	(3996, 1412)	'ermany'	8780
12076	(2920, 604)	' advant'	8783
12077	(233, 142)	b'\xe9\x8e'	8825
12078	(1151, 155)	' છ'	8889
12079	(331, 7281)	'lymp'	8996
12080	(260, 136)	'丈'	8998
12081	(642, 265)	'oston'	9201
12082	(2223, 161)	'葡'	9232
12083	(739, 176)	'晰'	9399
12084	(614, 1551)	'经销'	9479
12085	(802, 643)	'ipment'	9568
12086	(519, 3029)	'ategy'	9601
12087	(418, 999)	'ilty'	9641
12088	(68, 4232)	'DII'	9696
12089	(492, 2339)	'家宝'	9787
12090	(12052, 419)	'人民共和国'	9810
12091	(7345, 3263)	'anchester'	9851
12092	(1090, 1677)	'样板'	9862
12093	(1035, 132)	'萄'	9876
12094	(1495, 1104)	'传感'	9943
12095	(823, 1373)	' integ'	9977
12096	(1399, 587)	'季后'	9997
12097	(268, 2585)	' www'	10082
12098	(407, 187)	'玻'	10242
12099	(4446, 5831)	'胡锦'	10245
12100	(3973, 83)	'URS'	10361
12101	(375, 1263)	'unte'	10388
12102	(353, 636)	'acity'	10396
12103	(2685, 3973)	'ATUR'	10417
12104	(9093, 4763)	'仅供参考'	10428
12105	(648, 170)	'肪'	10429
12106	(3471, 288)	'iliar'	10451
12107	(1500, 120)	'lix'	10470
12108	(1564, 757)	' coff'	10472
12109	(114, 626)	'rast'	10522
12110	(6120, 2890)	'RIDAY'	10575
12111	(12092, 799)	'样板间'	10623
12112	(723, 175)	'涯'	10648
12113	(12100, 2890)	'URSDAY'	10739
12114	(348, 526)	'adel'	10776
12115	(46, 5448)	'.TH'	10833
12116	(233, 144)	b'\xe9\x90'	10834
12117	(1904, 2906)	' surger'	10870
12118	(3143, 9051)	'iverpool'	10894
12119	(4390, 418)	'razil'	10895
12120	(7385, 2492)	' Subsc'	10995
12121	(8646, 817)	'百分点'	11070
12122	(390, 821)	'中关'	11088
12123	(6057, 131)	'璃'	11110
12124	(273, 6547)	'ouston'	11153
12125	(263, 1767)	'reland'	11165
12126	(4550, 279)	'udden'	11182
12127	(761, 8007)	'加坡'	11190
12128	(549, 12026)	'俱乐'	11221
12129	(2635, 12109)	' infrast'	11249
12130	(12103, 2890)	'ATURDAY'	11276
12131	(831, 5460)	'相册'	11278
12132	(278, 8556)	' củ'	11298
12133	(795, 129)	'胁'	11413
12134	(750, 158)	'坞'	11523
12135	(6927, 8714)	'地图搜索'	11790
