16000	(131, 189)	b'\x83\xbd'	411
16001	(318, 39)	" I'"	803
16002	(466, 654)	' 201'	893
16003	(346, 99)	' bec'	1051
16004	(224, 185)	b'\xe0\xb9'	1249
16005	(73, 39)	"I'"	1547
16006	(1013, 1519)	' includ'	1693
16007	(268, 310)	' wom'	2218
16008	(286, 1145)	' mov'	2305
16009	(282, 1075)	' foll'	2420
16010	(316, 774)	' giv'	2506
16011	(559, 1512)	' proble'	2512
16012	(546, 734)	' vide'	2575
16013	(1160, 141)	'্'	2637
16014	(264, 2045)	' syst'	2951
16015	(141, 606)	b'\x8d\xe0\xaa'	3017
16016	(2534, 310)	'conom'	3264
16017	(596, 1019)	' chang'	3338
16018	(603, 643)	'artment'	3454
16019	(278, 494)	' cust'	3535
16020	(297, 617)	' hist'	3575
16021	(891, 331)	'itely'	3700
16022	(233, 188)	b'\xe9\xbc'	3813
16023	(297, 369)	' hig'	3826
16024	(292, 2177)	' toget'	3828
16025	(511, 382)	' sever'	3933
16026	(2501, 485)	'uggest'	4206
16027	(400, 832)	'大利'	4267
16028	(282, 638)	' foc'	4320
16029	(686, 100)	' upd'	4350
16030	(256, 1566)	' targ'	4390
16031	(1269, 128)	'础'	4453
16032	(3606, 293)	'ederal'	4493
16033	(434, 528)	' rul'	4512
16034	(2572, 635)	' opport'	4528
16035	(2797, 353)	' charac'	4551
16036	(177, 1645)	b'\xb1\xe4\xb9\x90'	4553
16037	(226, 152)	b'\xe2\x98'	4617
16038	(233, 177)	b'\xe9\xb1'	4636
16039	(3451, 2245)	'ospital'	4638
16040	(596, 621)	' chall'	4674
16041	(2834, 810)	'ursday'	4690
16042	(1342, 840)	'ancial'	4761
16043	(2418, 418)	'ouncil'	4808
16044	(514, 110)	' conn'	4825
16045	(2508, 104)	' veh'	4826
16046	(1902, 1789)	' surpr'	4884
16047	(402, 370)	'ecut'	4892
16048	(235, 138)	b'\xeb\x8a'	4946
16049	(515, 675)	'though'	5048
16050	(1096, 177)	'ੱ'	5105
16051	(520, 1847)	'来越'	5173
16052	(4232, 2631)	' Austral'	5256
16053	(300, 275)	' init'	5306
16054	(2646, 2311)	'ccording'	5356
16055	(305, 1566)	' larg'	5426
16056	(1633, 138)	'腊'	5443
16057	(306, 179)	'圳'	5471
16058	(2614, 1249)	'istrict'	5527
16059	(185, 163)	b'\xb9\xa3'	5614
16060	(935, 5132)	' immedi'	5672
16061	(1615, 4436)	' individ'	5713
16062	(284, 4819)	' piec'	5724
16063	(1119, 1651)	' Intern'	5729
16064	(1734, 258)	' opin'	5749
16065	(5178, 101)	'ittee'	5768
16066	(4301, 618)	b'\xc6\xb0\xe1\xbb'	5816
16067	(1954, 3260)	'bruary'	5822
16068	(2284, 738)	'ornia'	5861
16069	(421, 651)	' weap'	5867
16070	(1077, 2805)	'西班'	6004
16071	(1036, 727)	'色球'	6106
16072	(297, 2364)	' htt'	6151
16073	(864, 162)	'恢'	6482
16074	(2179, 5191)	'人民共和'	6518
16075	(480, 1512)	'rible'	6562
16076	(100, 320)	'dle'	6610
16077	(4954, 281)	' epis'	6651
16078	(4855, 2270)	'ampionship'	6775
16079	(174, 1288)	b'\xae\xe0\xaf\x8d'	6878
16080	(276, 3238)	'orney'	6924
16081	(137, 180)	b'\x89\xb4'	6939
16082	(1822, 1864)	'porters'	6940
16083	(552, 543)	' doct'	7017
16084	(6473, 5939)	'understorms'	7144
16085	(297, 423)	' hus'	7148
16086	(734, 728)	'idered'	7161
16087	(761, 2127)	'加拿'	7182
16088	(98, 499)	'bum'	7223
16089	(109, 897)	'mber'	7287
16090	(418, 671)	'ilies'	7404
16091	(554, 103)	' deg'	7426
16092	(3072, 16027)	'澳大利'	7442
16093	(337, 170)	'绪'	7473
16094	(1082, 16089)	'ovember'	7516
16095	(1870, 3921)	'efully'	7669
16096	(516, 134)	'忆'	7725
16097	(411, 810)	'terday'	7897
16098	(1091, 99)	'merc'	7936
16099	(297, 851)	' hous'	7970
16100	(4040, 276)	' Flor'	8049
16101	(443, 168)	'咨'	8144
16102	(806, 133)	'墅'	8168
16103	(1013, 728)	' incred'	8249
16104	(1012, 7400)	' Virgin'	8421
16105	(1068, 6056)	'水扁'	8645
16106	(375, 1684)	'unities'	8696
16107	(1012, 1371)	' Veg'	8734
16108	(485, 4656)	'estival'	8736
16109	(3989, 1410)	'ermany'	8780
16110	(2917, 604)	' advant'	8783
16111	(635, 5090)	'orthern'	8810
16112	(233, 142)	b'\xe9\x8e'	8825
16113	(2751, 2887)	'ESDAY'	8849
16114	(1150, 155)	' છ'	8889
16115	(331, 7252)	'lymp'	8996
16116	(260, 136)	'丈'	8998
16117	(523, 155)	'氛'	9044
16118	(642, 265)	'oston'	9201
16119	(2221, 161)	'葡'	9232
16120	(739, 176)	'晰'	9399
16121	(614, 1549)	'经销'	9479
16122	(802, 643)	'ipment'	9568
16123	(519, 3026)	'ategy'	9601
16124	(418, 999)	'ilty'	9641
16125	(68, 4225)	'DII'	9696
16126	(492, 2337)	'家宝'	9787
16127	(16074, 419)	'人民共和国'	9810
16128	(7316, 3259)	'anchester'	9851
16129	(1089, 1675)	'样板'	9862
16130	(1035, 132)	'萄'	9876
16131	(1493, 1103)	'传感'	9943
16132	(823, 1371)	' integ'	9977
16133	(1397, 587)	'季后'	9997
16134	(268, 2582)	' www'	10082
16135	(407, 187)	'玻'	10242
16136	(4437, 5809)	'胡锦'	10245
16137	(3966, 83)	'URS'	10361
16138	(375, 1261)	'unte'	10388
16139	(353, 636)	'acity'	10396
16140	(2682, 3966)	'ATUR'	10417
16141	(9056, 4752)	'仅供参考'	10428
16142	(648, 170)	'肪'	10429
16143	(3466, 288)	'iliar'	10451
16144	(1498, 120)	'lix'	10470
16145	(1562, 757)	' coff'	10472
16146	(114, 626)	'rast'	10522
16147	(6098, 2887)	'RIDAY'	10575
16148	(16129, 799)	'样板间'	10623
16149	(723, 175)	'涯'	10648
16150	(16137, 2887)	'URSDAY'	10739
16151	(1051, 274)	'ordan'	10756
16152	(348, 526)	'adel'	10776
16153	(46, 5431)	'.TH'	10833
16154	(233, 144)	b'\xe9\x90'	10834
16155	(1902, 2903)	' surger'	10870
16156	(3140, 9014)	'iverpool'	10894
16157	(4381, 418)	'razil'	10895
16158	(4579, 1822)	' Corpor'	10962
16159	(7355, 2489)	' Subsc'	10995
16160	(884, 155)	'睛'	11031
16161	(6233, 345)	'know'	11055
16162	(8613, 817)	'百分点'	11070
16163	(390, 821)	'中关'	11088
16164	(6035, 131)	'璃'	11110
16165	(273, 6524)	'ouston'	11153
16166	(263, 1765)	'reland'	11165
16167	(376, 8316)	' Ariz'	11179
16168	(4540, 279)	'udden'	11182
16169	(761, 7975)	'加坡'	11190
16170	(84, 6230)	'Tube'	11192
16171	(549, 16036)	'俱乐'	11221
16172	(2632, 16146)	' infrast'	11249
16173	(16140, 2887)	'ATURDAY'	11276
16174	(831, 5443)	'相册'	11278
16175	(720, 144)	'谐'	11294
16176	(278, 8523)	' củ'	11298
16177	(1597, 779)	'太平'	11308
16178	(871, 155)	'矛'	11364
16179	(795, 129)	'胁'	11413
16180	(8289, 505)	'leveland'	11422
16181	(3752, 105)	'iami'	11464
16182	(102, 16144)	'flix'	11504
16183	(618, 155)	'ớ'	11517
16184	(750, 158)	'坞'	11523
16185	(285, 4544)	'esville'	11561
16186	(658, 145)	'镑'	11563
16187	(2455, 515)	'ength'	11572
16188	(764, 866)	'与此'	11589
16189	(865, 184)	'ቸ'	11594
16190	(157, 188)	b'\x9d\xbc'	11679
16191	(783, 326)	'raid'	11720
16192	(16074, 2051)	'人民共和國'	11728
16193	(3482, 16184)	'莱坞'	11755
16194	(281, 102)	'isf'	11789
16195	(6900, 8680)	'地图搜索'	11790
16196	(522, 2383)	'abama'	11858
16197	(2365, 1941)	'奥巴'	11860
16198	(16152, 1830)	'adelph'	11862
16199	(621, 301)	'allas'	11900
16200	(1952, 3026)	'nergy'	11940
16201	(2438, 643)	'velopment'	11960
16202	(641, 3056)	' Ont'	12000
16203	(2225, 16185)	'ottesville'	12188
16204	(105, 815)	'ivery'	12232
16205	(1180, 1223)	'安东'	12235
16206	(4747, 326)	'valid'	12258
16207	(372, 137)	'杉'	12307
16208	(16198, 738)	'adelphia'	12323
16209	(4707, 283)	'edding'	12364
16210	(4493, 108)	' Chel'	12373
16211	(1049, 158)	'莞'	12408
16212	(827, 845)	'性价'	12447
16213	(899, 141)	'積'	12459
16214	(794, 187)	'姻'	12482
16215	(6701, 2887)	'UNDAY'	12499
16216	(286, 2286)	' mari'	12515
16217	(321, 3877)	'stances'	12550
16218	(917, 331)	'actly'	12554
16219	(1245, 97)	'oola'	12574
16220	(2171, 108)	' confl'	12595
16221	(544, 7294)	' franch'	12596
16222	(71, 78)	'GN'	12620
16223	(4155, 283)	'erring'	12629
16224	(5761, 172)	'瞬'	12654
16225	(8083, 5718)	'ੂੰ'	12682
16226	(318, 783)	' Ira'	12706
16227	(4063, 10692)	'凯尔特'	12718
16228	(8131, 110)	'lynn'	12731
16229	(2340, 1112)	'索尔'	12758
16230	(3107, 2267)	' cerem'	12786
16231	(579, 562)	'学金'	12826
16232	(2469, 2887)	'ONDAY'	12827
16233	(239, 189)	b'\xef\xbd'	12857
16234	(109, 114)	'mr'	12869
16235	(1202, 1074)	'联网'	12889
16236	(1041, 293)	' Ital'	12894
16237	(6166, 275)	'etroit'	12949
16238	(108, 310)	'lom'	12952
16239	(718, 181)	'践'	13008
16240	(4418, 276)	' Color'	13028
16241	(5518, 480)	' Patri'	13041
16242	(491, 548)	' jour'	13042
16243	(742, 441)	'ucation'	13059
16244	(10350, 7974)	b'\x95\xe1\x80\xab\xe1\x80\x90\xe1\x80'	13096
16245	(6475, 116)	'ột'	13163
16246	(637, 728)	'ivered'	13179
16247	(6375, 2242)	'juana'	13183
16248	(8141, 190)	'憾'	13248
16249	(707, 176)	'汰'	13254
16250	(46, 87)	'.W'	13303
16251	(522, 16219)	'aboola'	13315
16252	(120, 275)	'xit'	13347
16253	(294, 6143)	' antic'	13352
16254	(464, 646)	' Die'	13364
16255	(1545, 1112)	'爱尔'	13427
16256	(16066, 163)	'ượ'	13451
16257	(381, 1002)	' heav'	13462
16258	(3485, 120)	' approx'	13470
16259	(847, 187)	'锻'	13484
16260	(7949, 121)	'ademy'	13505
16261	(4520, 265)	'regon'	13552
16262	(85, 16113)	'UESDAY'	13566
16263	(808, 185)	'苹'	13642
16264	(3389, 183)	b' \xea\xb7'	13660
16265	(276, 877)	'orage'	13744
16266	(569, 171)	'沫'	13746
16267	(9785, 188)	'으'	13748
16268	(310, 1196)	'ompl'	13749
16269	(515, 3773)	'thony'	13771
16270	(2291, 1112)	'切尔'	13774
16271	(1504, 2734)	'ootball'	13801
16272	(337, 142)	'绎'	13823
16273	(1236, 1187)	'华德'	13963
16274	(3989, 759)	'ermine'	13985
16275	(297, 3856)	' hilar'	13997
16276	(884, 144)	'睐'	14025
16277	(480, 1184)	'riors'	14059
16278	(1236, 3635)	'华盛'	14090
16279	(274, 1226)	'anish'	14104
16280	(2466, 5537)	'nesota'	14112
16281	(267, 851)	'erous'	14205
16282	(546, 528)	' vul'	14213
16283	(4624, 172)	'蔬'	14226
16284	(10031, 154)	'ਿੱਚ'	14252
16285	(450, 279)	'olen'	14280
16286	(263, 379)	'rese'	14299
16287	(2355, 142)	'擎'	14329
16288	(8746, 272)	'交易所的'	14386
16289	(3507, 16207)	'洛杉'	14395
16290	(871, 182)	'矶'	14435
16291	(11165, 105)	'ười'	14522
16292	(99, 1060)	'coin'	14615
16293	(1866, 188)	'撼'	14634
16294	(802, 379)	'ipse'	14663
16295	(465, 150)	'怖'	14801
16296	(2466, 8929)	'nessee'	14858
16297	(3007, 78)	'EDN'	14921
16298	(589, 148)	' औ'	14970
16299	(1130, 3415)	'英九'	15019
16300	(1153, 8517)	'该股的'	15073
16301	(16047, 637)	'ecutive'	15085
16302	(16297, 16113)	'EDNESDAY'	15148
16303	(354, 3436)	' Soci'	15179
16304	(4821, 2286)	'uhari'	15275
16305	(730, 6116)	'其真实'	15293
16306	(5889, 453)	'观点和'	15317
16307	(8690, 3360)	'一只股票'	15325
16308	(468, 8003)	'以沪深'	15380
16309	(1139, 131)	'垃'	15437
16310	(306, 190)	'圾'	15445
16311	(11630, 2869)	'的新闻报道'	15478
16312	(6630, 7154)	'公告为准'	15508
16313	(3379, 3981)	'投资者注意'	15509
16314	(3588, 2400)	'有效信息'	15555
16315	(386, 4864)	'不保证'	15566
16316	(6714, 3203)	'一切有关'	15614
16317	(1003, 1202)	'建联'	15637
16318	(16313, 3310)	'投资者注意风险'	15652
16319	(6872, 3621)	'并非正式'	15658
16320	(12512, 4055)	'本文属于'	15659
16321	(11705, 16306)	'的个人观点和'	15668
16322	(2668, 16315)	'新浪不保证'	15670
16323	(16322, 16305)	'新浪不保证其真实'	15671
16324	(16316, 16300)	'一切有关该股的'	15672
16325	(16308, 16288)	'以沪深交易所的'	15673
16326	(521, 16307)	'对一只股票'	15678
16327	(16326, 16321)	'对一只股票的个人观点和'	15679
16328	(10122, 827)	'客观性'	15707
16329	(1871, 1893)	'阿根'	15763
16330	(8594, 16328)	'性和客观性'	15790
16331	(1496, 258)	'onsin'	15795
16332	(16320, 12314)	'本文属于研究报告'	15814
16333	(8061, 10112)	'仅为分析人士'	15816
16334	(16333, 16327)	'仅为分析人士对一只股票的个人观点和'	15817
16335	(620, 1168)	'方达'	15939
16336	(6708, 637)	'secutive'	16042
16337	(1879, 6578)	'wauke'	16175
