14000	(131, 189)	b'\x83\xbd'	417
14001	(439, 315)	'ople'	822
14002	(336, 99)	' bec'	950
14003	(718, 49)	' 201'	1094
14004	(73, 39)	"I'"	1356
14005	(936, 1400)	' includ'	1559
14006	(1348, 825)	' differe'	1612
14007	(1263, 315)	' proble'	2034
14008	(499, 1330)	' produ'	2140
14009	(286, 1099)	' mov'	2216
14010	(311, 686)	' giv'	2235
14011	(904, 351)	' contro'	2651
14012	(556, 975)	' chang'	2857
14013	(2250, 308)	'conom'	3034
14014	(812, 322)	'itely'	3248
14015	(294, 364)	' hig'	3343
14016	(293, 1530)	' toget'	3447
14017	(521, 1968)	' sugg'	3565
14018	(1520, 141)	'্'	3592
14019	(141, 773)	b'\x8d\xe0\xaa'	4099
14020	(962, 101)	' dise'	4364
14021	(2549, 3012)	' opportun'	4568
14022	(2105, 3570)	'人民共和'	4608
14023	(1666, 1812)	' surpr'	4609
14024	(284, 4103)	' piec'	4852
14025	(1677, 259)	' opin'	4978
14026	(14002, 308)	' becom'	5013
14027	(177, 1670)	b'\xb1\xe4\xb9\x90'	5105
14028	(3308, 2251)	'ospital'	5213
14029	(2511, 104)	' veh'	5258
14030	(1388, 128)	'础'	5280
14031	(1577, 2417)	'ccording'	5349
14032	(673, 640)	'idered'	5462
14033	(1790, 118)	' obv'	5485
14034	(544, 1836)	'来越'	5652
14035	(239, 189)	b'\xef\xbd'	5757
14036	(404, 579)	' weap'	5779
14037	(2664, 940)	' behav'	5840
14038	(948, 2652)	'西班'	5868
14039	(294, 2405)	' htt'	5925
14040	(537, 103)	' deg'	5990
14041	(3196, 1180)	'ursday'	6138
14042	(226, 152)	b'\xe2\x98'	6245
14043	(493, 450)	' neigh'	6368
14044	(314, 179)	'圳'	6442
14045	(235, 138)	b'\xeb\x8a'	6740
14046	(1993, 161)	'葡'	6919
14047	(1430, 177)	'ੱ'	6940
14048	(1645, 3636)	'efully'	6981
14049	(977, 1210)	' sched'	7054
14050	(109, 848)	'mber'	7074
14051	(14022, 433)	'人民共和国'	7168
14052	(1056, 132)	'萄'	7264
14053	(294, 733)	' hous'	7357
14054	(971, 14050)	'ovember'	7367
14055	(185, 163)	b'\xb9\xa3'	7554
14056	(412, 4517)	'outhern'	7614
14057	(606, 4517)	'orthern'	7717
14058	(936, 640)	' incred'	7844
14059	(14022, 1155)	'人民共和國'	7998
14060	(401, 1180)	'terday'	8179
14061	(343, 1800)	'acters'	8190
14062	(799, 2227)	'ionship'	8210
14063	(1179, 842)	'色球'	8246
14064	(3736, 273)	' Flor'	8399
14065	(2260, 278)	' legis'	8407
14066	(3084, 738)	' equip'	8619
14067	(3504, 4134)	'澳大利'	8740
14068	(108, 95)	'l_'	9408
14069	(2934, 264)	'ackson'	9566
14070	(880, 155)	'睛'	9569
14071	(598, 264)	'oston'	9962
14072	(457, 168)	'咨'	10002
14073	(2347, 277)	'dden'	10011
14074	(322, 4864)	'lymp'	10014
14075	(2329, 860)	'gypt'	10206
14076	(3392, 271)	' Commit'	10213
14077	(978, 133)	'墅'	10562
14078	(262, 1665)	'reland'	10588
14079	(4834, 172)	'瞬'	10668
14080	(407, 1050)	'ilty'	10801
14081	(362, 2940)	' Soci'	10809
14082	(1363, 120)	'lix'	10904
14083	(1854, 108)	' confl'	11109
14084	(4062, 407)	'razil'	11114
14085	(1708, 8204)	'林匹'	11234
14086	(1733, 300)	'phas'	11339
14087	(2027, 10082)	' infrast'	11342
14088	(461, 150)	'怖'	11364
14089	(1775, 1140)	'ricult'	11434
14090	(721, 185)	'苹'	11456
14091	(1080, 7611)	'水扁'	11562
14092	(816, 155)	'矛'	11575
14093	(1632, 407)	' phil'	11616
14094	(362, 1287)	' Sup'	11617
14095	(84, 5540)	'Tube'	11663
14096	(709, 176)	'晰'	11672
14097	(5280, 131)	'璃'	11774
14098	(308, 891)	'ompl'	11780
14099	(10156, 318)	' circumst'	11792
14100	(3018, 1944)	'ervices'	11817
14101	(518, 468)	' vul'	11824
14102	(105, 724)	'ivery'	11830
14103	(856, 7889)	'加坡'	11951
14104	(1506, 155)	' છ'	11985
14105	(345, 505)	'adel'	11994
14106	(485, 531)	' jour'	12007
14107	(597, 14027)	'俱乐'	12052
14108	(811, 187)	'姻'	12149
14109	(1261, 318)	' underst'	12180
14110	(8866, 3345)	'anchester'	12208
14111	(294, 3304)	' hilar'	12262
14112	(1256, 131)	'垃'	12285
14113	(314, 190)	'圾'	12346
14114	(1349, 1226)	'联网'	12389
14115	(4097, 264)	'regon'	12420
14116	(395, 3484)	' Muse'	12496
14117	(9100, 5766)	'rizona'	12528
14118	(1451, 860)	' empt'	12547
14119	(916, 129)	'胁'	12684
14120	(685, 1982)	'经销'	12735
14121	(731, 144)	'谐'	12743
14122	(532, 2415)	'家宝'	12797
14123	(1642, 627)	'季后'	12828
14124	(4307, 148)	'織'	12831
14125	(572, 640)	'ivered'	12915
14126	(708, 170)	'肪'	13020
14127	(68, 4185)	'DII'	13174
14128	(14105, 1733)	'adelph'	13334
14129	(1627, 1097)	'传感'	13378
14130	(337, 172)	'尬'	13564
14131	(2395, 4231)	' Zeal'	13616
14132	(4561, 6297)	'胡锦'	13873
14133	(337, 180)	'尴'	14115
