14000	(131, 189)	b'\x83\xbd'	417
14001	(230, 172)	b'\xe6\xac'	552
14002	(313, 39)	" I'"	715
14003	(439, 315)	'ople'	822
14004	(336, 99)	' bec'	950
14005	(716, 49)	' 201'	1094
14006	(73, 39)	"I'"	1356
14007	(934, 1398)	' includ'	1559
14008	(1346, 823)	' differe'	1612
14009	(461, 142)	'怎'	1687
14010	(1261, 315)	' proble'	2034
14011	(369, 1877)	' Americ'	2050
14012	(268, 308)	' wom'	2131
14013	(499, 1328)	' produ'	2140
14014	(281, 995)	' foll'	2189
14015	(286, 1097)	' mov'	2216
14016	(311, 685)	' giv'	2235
14017	(644, 101)	' spe'	2362
14018	(934, 262)	' incre'	2397
14019	(301, 574)	' lear'	2434
14020	(518, 672)	' vide'	2585
14021	(902, 351)	' contro'	2651
14022	(510, 172)	'括'	2747
14023	(555, 973)	' chang'	2857
14024	(294, 551)	' hist'	2866
14025	(375, 264)	'iron'	3029
14026	(2244, 308)	'conom'	3034
14027	(810, 322)	'itely'	3248
14028	(294, 364)	' hig'	3343
14029	(869, 335)	'onday'	3435
14030	(293, 1528)	' toget'	3447
14031	(490, 368)	' sever'	3465
14032	(380, 2174)	'ecially'	3516
14033	(521, 1965)	' sugg'	3565
14034	(118, 1941)	'vices'	3570
14035	(1518, 141)	'্'	3592
14036	(233, 188)	b'\xe9\xbc'	3683
14037	(310, 380)	' nec'	3917
14038	(477, 603)	'though'	3918
14039	(289, 3286)	' answ'	4000
14040	(3443, 1350)	'ividual'	4066
14041	(233, 142)	b'\xe9\x8e'	4086
14042	(141, 771)	b'\x8d\xe0\xaa'	4099
14043	(1635, 1178)	'uesday'	4102
14044	(413, 911)	'大利'	4154
14045	(1014, 343)	' teac'	4241
14046	(960, 101)	' dise'	4364
14047	(661, 100)	' upd'	4408
14048	(555, 576)	' chall'	4428
14049	(2959, 1178)	'nesday'	4485
14050	(362, 1550)	' Sund'	4491
14051	(2768, 504)	' profess'	4507
14052	(436, 110)	'hern'	4538
14053	(2540, 3000)	' opportun'	4568
14054	(2101, 3553)	'人民共和'	4608
14055	(1664, 1809)	' surpr'	4609
14056	(2424, 288)	'duced'	4627
14057	(288, 2064)	'ederal'	4748
14058	(749, 190)	'ா'	4753
14059	(3749, 1772)	' Afric'	4815
14060	(97, 1002)	'aign'	4820
14061	(284, 4079)	' piec'	4852
14062	(2510, 1178)	'aturday'	4948
14063	(1005, 1401)	' Intern'	4968
14064	(1675, 259)	' opin'	4978
14065	(14004, 308)	' becom'	5013
14066	(4067, 2433)	' Austral'	5076
14067	(218, 186)	'ں'	5083
14068	(177, 1668)	b'\xb1\xe4\xb9\x90'	5105
14069	(99, 407)	'cil'	5117
14070	(3341, 2167)	'elebr'	5129
14071	(468, 1631)	'ularly'	5148
14072	(300, 1198)	'asons'	5179
14073	(3295, 2245)	'ospital'	5213
14074	(2502, 104)	' veh'	5258
14075	(1386, 128)	'础'	5280
14076	(371, 753)	' stra'	5344
14077	(1575, 2409)	'ccording'	5349
14078	(928, 1948)	'hington'	5380
14079	(105, 2440)	'iety'	5438
14080	(395, 720)	' Mich'	5444
14081	(672, 639)	'idered'	5462
14082	(3709, 290)	'ournal'	5468
14083	(1787, 118)	' obv'	5485
14084	(792, 4776)	' immedi'	5487
14085	(497, 471)	' doct'	5543
14086	(544, 1833)	'来越'	5652
14087	(2836, 725)	'ructure'	5665
14088	(1627, 315)	'rible'	5753
14089	(239, 189)	b'\xef\xbd'	5757
14090	(404, 578)	' weap'	5779
14091	(2654, 938)	' behav'	5840
14092	(2067, 734)	'ornia'	5863
14093	(946, 2642)	'西班'	5868
14094	(497, 309)	' doll'	5877
14095	(294, 2397)	' htt'	5925
14096	(537, 103)	' deg'	5990
14097	(869, 264)	'ondon'	5995
14098	(533, 153)	'浙'	6032
14099	(3183, 1178)	'ursday'	6138
14100	(1213, 101)	'tee'	6153
14101	(502, 181)	'呵'	6229
14102	(226, 152)	b'\xe2\x98'	6245
14103	(1037, 1965)	'rugg'	6355
14104	(3511, 807)	' temper'	6359
14105	(1037, 970)	'ruary'	6362
14106	(493, 450)	' neigh'	6368
14107	(233, 144)	b'\xe9\x90'	6434
14108	(314, 179)	'圳'	6442
14109	(1691, 138)	'腊'	6447
14110	(4040, 121)	'razy'	6514
14111	(1550, 639)	'undred'	6536
14112	(1918, 1918)	'----'	6568
14113	(479, 308)	'andom'	6674
14114	(175, 728)	b'\xaf\xe0\xa6'	6721
14115	(235, 138)	b'\xeb\x8a'	6740
14116	(345, 445)	'adem'	6798
14117	(407, 600)	'ilies'	6800
14118	(359, 484)	'imum'	6814
14119	(121, 869)	'yond'	6863
14120	(3000, 2385)	'ortunately'	6904
14121	(1990, 161)	'葡'	6919
14122	(1428, 177)	'ੱ'	6940
14123	(1643, 3619)	'efully'	6981
14124	(805, 6164)	' manufact'	7037
14125	(975, 1208)	' sched'	7054
14126	(109, 846)	'mber'	7074
14127	(1058, 99)	'merc'	7076
14128	(2742, 272)	'echan'	7149
14129	(14054, 433)	'人民共和国'	7168
14130	(352, 2015)	' Tex'	7191
14131	(109, 858)	'mpt'	7216
14132	(1054, 132)	'萄'	7264
14133	(854, 2182)	'加拿'	7353
14134	(294, 731)	' hous'	7357
14135	(969, 14126)	'ovember'	7367
14136	(98, 484)	'bum'	7368
14137	(294, 470)	' hus'	7455
14138	(185, 163)	b'\xb9\xa3'	7554
14139	(881, 162)	'恢'	7570
14140	(412, 14052)	'outhern'	7614
14141	(1481, 14131)	' sympt'	7712
14142	(605, 14052)	'orthern'	7717
14143	(233, 137)	b'\xe9\x89'	7810
14144	(934, 639)	' incred'	7844
14145	(1432, 111)	' smo'	7884
14146	(1006, 375)	' Vir'	7918
14147	(401, 109)	'term'	7963
14148	(475, 161)	'贡'	7969
14149	(14054, 1153)	'人民共和國'	7998
14150	(1448, 264)	'azon'	8010
14151	(365, 170)	'绪'	8067
14152	(110, 3132)	'noon'	8086
14153	(401, 1178)	'terday'	8179
14154	(343, 1797)	'acters'	8190
14155	(797, 2221)	'ionship'	8210
14156	(1177, 840)	'色球'	8246
14157	(114, 677)	'round'	8291
14158	(5216, 318)	'underst'	8365
14159	(3718, 273)	' Flor'	8399
14160	(2254, 278)	' legis'	8407
14161	(3071, 736)	' equip'	8619
14162	(107, 327)	'ket'	8624
14163	(433, 1325)	'国务'	8658
14164	(3488, 14044)	'澳大利'	8740
14165	(3668, 288)	' freed'	8750
14166	(1347, 4298)	'联储'	8770
14167	(305, 6695)	'icago'	8795
14168	(2207, 343)	' capac'	8903
14169	(2128, 4595)	' determ'	9004
14170	(486, 2323)	'ategy'	9053
14171	(14146, 2878)	' Virgin'	9071
14172	(1364, 1599)	'ossible'	9123
14173	(4233, 291)	'iliar'	9220
14174	(1499, 703)	' coff'	9223
14175	(985, 3320)	'意味'	9331
14176	(1326, 278)	' cris'	9357
14177	(108, 95)	'l_'	9408
14178	(2110, 121)	'gery'	9439
14179	(278, 102)	'isf'	9506
14180	(512, 810)	'osite'	9553
14181	(2922, 264)	'ackson'	9566
14182	(878, 155)	'睛'	9569
14183	(1313, 111)	'onto'	9626
14184	(556, 2424)	' Educ'	9674
14185	(261, 136)	'丈'	9737
14186	(753, 331)	'raid'	9739
14187	(104, 2397)	'htt'	9744
14188	(3882, 424)	' Carol'	9749
14189	(105, 3313)	'iams'	9760
14190	(1767, 316)	'ashion'	9768
14191	(3709, 3562)	'ournament'	9812
14192	(80, 424)	'Pol'	9830
14193	(597, 264)	'oston'	9962
14194	(235, 161)	b'\xeb\xa1'	9970
14195	(457, 168)	'咨'	10002
14196	(2341, 277)	'dden'	10011
14197	(322, 4827)	'lymp'	10014
14198	(3115, 1876)	' Develop'	10017
14199	(2486, 14162)	' basket'	10021
14200	(325, 105)	'oti'	10108
14201	(74, 111)	'Jo'	10133
14202	(3094, 68)	'ORD'	10141
14203	(114, 604)	'rast'	10157
14204	(5286, 334)	'know'	10162
14205	(2323, 858)	'gypt'	10206
14206	(3379, 271)	' Commit'	10213
14207	(4412, 484)	' circum'	10233
14208	(443, 1213)	'unte'	10295
14209	(264, 466)	'onest'	10314
14210	(5420, 112)	' persp'	10351
14211	(763, 322)	'actly'	10376
14212	(1006, 1497)	' Veg'	10400
14213	(6300, 6378)	' ridicul'	10418
14214	(6975, 590)	'forcement'	10460
14215	(272, 1071)	'anish'	10501
14216	(429, 566)	' Pak'	10509
14217	(14125, 468)	' schedul'	10517
14218	(748, 316)	'ansion'	10533
14219	(976, 133)	'墅'	10562
14220	(262, 1663)	'reland'	10588
14221	(3084, 120)	' approx'	10597
14222	(1481, 3506)	' symb'	10607
14223	(4946, 2919)	' Secret'	10615
14224	(4797, 172)	'瞬'	10668
14225	(268, 2709)	' www'	10701
14226	(986, 186)	b' \xe1\xba'	10707
14227	(6947, 283)	'iques'	10736
14228	(407, 1048)	'ilty'	10801
14229	(362, 2928)	' Soci'	10809
14230	(273, 784)	'orage'	10823
14231	(71, 78)	'GN'	10869
14232	(1361, 120)	'lix'	10904
14233	(2864, 358)	'iverse'	10955
14234	(432, 187)	'玻'	10980
14235	(627, 168)	'妨'	11053
14236	(1851, 108)	' confl'	11109
14237	(4040, 407)	'razil'	11114
14238	(1842, 2323)	'nergy'	11142
14239	(3026, 348)	'ynam'	11150
14240	(276, 3422)	' bacter'	11165
14241	(99, 3938)	'craft'	11186
14242	(7645, 8855)	'光学变焦'	11211
14243	(1705, 8111)	'林匹'	11234
14244	(429, 4504)	' Prem'	11239
14245	(1210, 273)	'ictor'	11255
14246	(425, 147)	'寓'	11279
14247	(422, 142)	'赎'	11285
14248	(289, 120)	' anx'	11299
14249	(1730, 300)	'phas'	11339
14250	(2024, 14203)	' infrast'	11342
14251	(461, 150)	'怖'	11364
14252	(1772, 1138)	'ricult'	11434
14253	(719, 185)	'苹'	11456
14254	(290, 1080)	'alian'	11478
14255	(8978, 283)	'abetes'	11500
14256	(1078, 7527)	'水扁'	11562
14257	(262, 8018)	'rehens'	11574
14258	(814, 155)	'矛'	11575
14259	(379, 1460)	' Cath'	11587
14260	(1630, 407)	' phil'	11616
14261	(362, 1285)	' Sup'	11617
14262	(84, 5488)	'Tube'	11663
14263	(708, 176)	'晰'	11672
14264	(5235, 131)	'璃'	11774
14265	(308, 889)	'ompl'	11780
14266	(14207, 318)	' circumst'	11792
14267	(271, 609)	'itect'	11813
14268	(3005, 1941)	'ervices'	11817
14269	(518, 468)	' vul'	11824
14270	(105, 722)	'ivery'	11830
14271	(3793, 259)	'evin'	11856
14272	(854, 7801)	'加坡'	11951
14273	(1504, 155)	' છ'	11985
14274	(345, 505)	'adel'	11994
14275	(485, 531)	' jour'	12007
14276	(335, 6997)	'aylor'	12015
14277	(596, 14068)	'俱乐'	12052
14278	(334, 563)	'ownt'	12056
14279	(102, 14232)	'flix'	12060
14280	(959, 272)	'ordan'	12148
14281	(809, 187)	'姻'	12149
14282	(9666, 3295)	' atmosp'	12173
14283	(1259, 318)	' underst'	12180
14284	(2241, 272)	' explan'	12183
14285	(8765, 3332)	'anchester'	12208
14286	(1950, 2027)	'仅供'	12223
14287	(294, 3291)	' hilar'	12262
14288	(1254, 131)	'垃'	12285
14289	(314, 190)	'圾'	12346
14290	(1347, 1224)	'联网'	12389
14291	(4073, 264)	'regon'	12420
14292	(112, 2919)	'pret'	12430
14293	(395, 3469)	' Muse'	12496
14294	(8995, 5712)	'rizona'	12528
14295	(1449, 858)	' empt'	12547
14296	(914, 129)	'胁'	12684
14297	(684, 1979)	'经销'	12735
14298	(729, 144)	'谐'	12743
14299	(532, 2407)	'家宝'	12797
14300	(1640, 626)	'季后'	12828
14301	(4281, 148)	'織'	12831
14302	(571, 639)	'ivered'	12915
14303	(258, 2325)	'heme'	12996
14304	(707, 170)	'肪'	13020
14305	(270, 6770)	'ouston'	13103
14306	(68, 4160)	'DII'	13174
14307	(481, 2805)	'abama'	13184
14308	(324, 153)	'宙'	13260
14309	(14274, 1730)	'adelph'	13334
14310	(1625, 1095)	'传感'	13378
14311	(337, 172)	'尬'	13564
14312	(2387, 4205)	' Zeal'	13616
14313	(4529, 6237)	'胡锦'	13873
14314	(337, 180)	'尴'	14115
