10000	(131, 189)	b'\x83\xbd'	424
10001	(304, 39)	" I'"	629
10002	(321, 99)	' bec'	811
10003	(468, 142)	'怎'	1039
10004	(73, 39)	"I'"	1162
10005	(1032, 582)	' diffe'	1219
10006	(830, 1257)	' includ'	1406
10007	(366, 1628)	' Americ'	1759
10008	(305, 139)	'朋'	1849
10009	(308, 595)	' giv'	1887
10010	(830, 260)	' incre'	1892
10011	(393, 101)	' wee'	1899
10012	(268, 303)	' wom'	1972
10013	(370, 263)	'iron'	2031
10014	(847, 269)	' grou'	2039
10015	(306, 808)	'lease'	2047
10016	(516, 913)	' chang'	2268
10017	(776, 101)	' dise'	2502
10018	(2329, 502)	'vironment'	2525
10019	(490, 602)	' vide'	2540
10020	(710, 313)	'itely'	2675
10021	(1447, 449)	'ggest'	2756
10022	(297, 356)	' hig'	2768
10023	(283, 1074)	' pict'	2928
10024	(289, 1376)	' toget'	2963
10025	(419, 839)	' conne'	3011
10026	(300, 2621)	' langu'	3065
10027	(109, 797)	'mber'	3092
10028	(583, 172)	'括'	3105
10029	(285, 2567)	' answ'	3110
10030	(1923, 2380)	'人民共和'	3121
10031	(1304, 800)	'ecause'	3190
10032	(239, 189)	b'\xef\xbd'	3237
10033	(324, 758)	'是法'	3276
10034	(418, 118)	' mov'	3417
10035	(118, 1845)	'vices'	3467
10036	(572, 1835)	'ciety'	3718
10037	(3289, 110)	' _n'	3722
10038	(425, 1231)	' Brit'	3796
10039	(403, 110)	'hern'	3802
10040	(2209, 853)	' behav'	3837
10041	(602, 562)	'idered'	3934
10042	(288, 739)	' dru'	3937
10043	(2277, 439)	' estab'	3996
10044	(516, 549)	' chall'	4021
10045	(843, 1129)	' Intern'	4028
10046	(2496, 1463)	' Afric'	4043
10047	(583, 169)	'择'	4197
10048	(2259, 112)	' purp'	4275
10049	(427, 103)	' deg'	4358
10050	(2406, 1096)	'密度'	4501
10051	(1356, 118)	' obv'	4537
10052	(3644, 286)	'ournal'	4572
10053	(2438, 2736)	' opportun'	4577
10054	(880, 1022)	'rences'	4824
10055	(1684, 161)	'葡'	4855
10056	(880, 103)	'reng'	4857
10057	(10030, 504)	'人民共和国'	4881
10058	(108, 95)	'l_'	4928
10059	(2545, 280)	'error'	4956
10060	(614, 153)	'浙'	4966
10061	(1068, 132)	'萄'	5010
10062	(1754, 562)	'undred'	5128
10063	(295, 622)	' thous'	5205
10064	(10030, 742)	'人民共和國'	5277
10065	(762, 2614)	'ccording'	5328
10066	(422, 156)	'络'	5431
10067	(99, 1792)	'coh'	5548
10068	(393, 723)	' weap'	5560
10069	(1318, 144)	'荐'	5600
10070	(790, 2367)	'西班'	5604
10071	(117, 4410)	'ufact'	5636
10072	(384, 1637)	'iforn'	5659
10073	(10072, 755)	'ifornia'	5802
10074	(1945, 859)	'罗斯'	5829
10075	(396, 532)	'ilies'	5851
10076	(459, 1067)	' neigh'	6004
10077	(1543, 5200)	'林匹'	6151
10078	(366, 1977)	' Aug'	6181
10079	(905, 263)	'ondon'	6300
10080	(668, 442)	'acters'	6318
10081	(306, 2198)	'lebr'	6355
10082	(1729, 609)	'gypt'	6391
10083	(1825, 396)	'pril'	6421
10084	(288, 865)	' dire'	6620
10085	(2710, 287)	' freed'	6624
10086	(361, 10027)	'cember'	6727
10087	(1747, 1074)	'flict'	6777
10088	(648, 144)	'析'	6778
10089	(916, 2280)	'hington'	6804
10090	(1829, 588)	'越来'	6810
10091	(2493, 278)	'iques'	6832
10092	(2440, 609)	' Sept'	6885
10093	(1163, 1272)	'ossible'	6913
10094	(768, 502)	'ipment'	6951
10095	(506, 137)	'厉'	7010
10096	(984, 10027)	'ovember'	7040
10097	(289, 3952)	' tomor'	7140
10098	(523, 4326)	' Feb'	7199
10099	(312, 562)	'vered'	7272
10100	(97, 902)	'aign'	7311
10101	(1463, 785)	'ricult'	7365
10102	(4306, 291)	'iliar'	7387
10103	(485, 710)	'osite'	7390
10104	(120, 105)	'xi'	7483
10105	(387, 1972)	' Coun'	7517
10106	(306, 426)	'lege'	7531
10107	(2053, 888)	b'\xe7\x9c\xbc\xe7\x9d'	7560
10108	(112, 95)	'p_'	7564
10109	(1112, 2253)	'加拿'	7583
10110	(739, 836)	'ruary'	7592
10111	(3374, 148)	'織'	7594
10112	(2602, 859)	'羅斯'	7622
10113	(1298, 1380)	' perspect'	7709
10114	(4991, 1080)	'rieved'	7750
10115	(344, 1821)	' Tex'	7771
10116	(1108, 302)	'phas'	7785
10117	(548, 267)	' plat'	7811
10118	(280, 690)	'orage'	7830
10119	(668, 313)	'actly'	7846
10120	(2364, 275)	'dden'	7852
10121	(919, 5055)	' coffe'	7881
10122	(1947, 148)	'擔'	7953
10123	(233, 176)	b'\xe9\xb0'	7966
10124	(776, 598)	' disag'	7998
10125	(370, 2394)	'irmed'	8013
10126	(4996, 859)	'穆斯'	8036
10127	(297, 451)	' hus'	8061
10128	(468, 150)	'怖'	8127
10129	(260, 6251)	'rehens'	8143
10130	(10104, 1835)	'xiety'	8230
10131	(3784, 172)	'瞬'	8250
10132	(263, 449)	'onest'	8260
10133	(1861, 172)	'責'	8269
10134	(582, 562)	'fered'	8317
10135	(291, 452)	'arant'	8325
10136	(1861, 160)	'負'	8346
10137	(32, 3633)	' ille'	8373
10138	(395, 336)	'raid'	8419
10139	(1324, 1443)	'建制'	8423
10140	(401, 1640)	'terday'	8505
10141	(1802, 301)	' polic'	8520
10142	(5264, 6361)	' ridicul'	8530
10143	(283, 1230)	' phen'	8538
10144	(104, 1000)	'hors'	8615
10145	(278, 1059)	'essel'	8668
10146	(437, 1729)	'ategy'	8688
10147	(1458, 1815)	b'\xe5\x9f\xba\xe7\xa1'	8789
10148	(2138, 977)	'未知'	8881
10149	(637, 185)	'苹'	8900
10150	(526, 187)	'逻'	8915
10151	(3563, 280)	' Flor'	8941
10152	(2116, 137)	'築'	8954
10153	(1745, 131)	'垃'	8992
10154	(121, 2369)	'ygen'	9027
10155	(338, 190)	'圾'	9074
10156	(303, 666)	'ompl'	9438
10157	(260, 1514)	'reland'	9441
10158	(691, 151)	'晗'	9499
10159	(338, 179)	'圳'	9610
10160	(540, 1664)	'和人口'	9727
10161	(10160, 5183)	'和人口皆'	10111
