10000	(131, 189)	b'\x83\xbd'	424
10001	(304, 39)	" I'"	629
10002	(321, 99)	' bec'	811
10003	(468, 142)	'怎'	1039
10004	(73, 39)	"I'"	1162
10005	(1032, 582)	' diffe'	1219
10006	(101, 818)	'eah'	1376
10007	(830, 1257)	' includ'	1406
10008	(561, 291)	' lear'	1668
10009	(366, 1627)	' Americ'	1759
10010	(305, 139)	'朋'	1849
10011	(308, 595)	' giv'	1887
10012	(830, 260)	' incre'	1892
10013	(393, 101)	' wee'	1899
10014	(268, 303)	' wom'	1972
10015	(370, 263)	'iron'	2031
10016	(847, 269)	' grou'	2039
10017	(306, 808)	'lease'	2047
10018	(297, 460)	' hist'	2141
10019	(516, 913)	' chang'	2268
10020	(776, 101)	' dise'	2502
10021	(2326, 502)	'vironment'	2525
10022	(490, 602)	' vide'	2540
10023	(710, 313)	'itely'	2675
10024	(1446, 449)	'ggest'	2756
10025	(297, 356)	' hig'	2768
10026	(289, 116)	' tot'	2910
10027	(432, 615)	'though'	2912
10028	(283, 1074)	' pict'	2928
10029	(289, 1375)	' toget'	2963
10030	(419, 839)	' conne'	3011
10031	(1165, 121)	'ully'	3015
10032	(300, 2618)	' langu'	3065
10033	(109, 797)	'mber'	3092
10034	(583, 172)	'括'	3105
10035	(285, 2564)	' answ'	3110
10036	(1921, 2377)	'人民共和'	3121
10037	(1304, 800)	'ecause'	3190
10038	(239, 189)	b'\xef\xbd'	3237
10039	(324, 758)	'是法'	3276
10040	(557, 181)	'呵'	3328
10041	(418, 118)	' mov'	3417
10042	(1028, 1604)	' recomm'	3425
10043	(118, 1843)	'vices'	3467
10044	(283, 590)	' pie'	3700
10045	(572, 1833)	'ciety'	3718
10046	(3283, 110)	' _n'	3722
10047	(700, 635)	' teac'	3750
10048	(425, 1231)	' Brit'	3796
10049	(403, 110)	'hern'	3802
10050	(2206, 853)	' behav'	3837
10051	(602, 562)	'idered'	3934
10052	(288, 739)	' dru'	3937
10053	(2503, 641)	' temper'	3944
10054	(2274, 439)	' estab'	3996
10055	(516, 549)	' chall'	4021
10056	(843, 1129)	' Intern'	4028
10057	(2493, 1462)	' Afric'	4043
10058	(583, 169)	'择'	4197
10059	(263, 335)	'onse'	4214
10060	(2256, 112)	' purp'	4275
10061	(427, 103)	' deg'	4358
10062	(2403, 1096)	'密度'	4501
10063	(1202, 336)	'upid'	4526
10064	(1356, 118)	' obv'	4537
10065	(3636, 286)	'ournal'	4572
10066	(2435, 2733)	' opportun'	4577
10067	(2928, 768)	' multip'	4667
10068	(395, 533)	'rael'	4760
10069	(880, 1022)	'rences'	4824
10070	(448, 303)	'andom'	4831
10071	(1682, 161)	'葡'	4855
10072	(880, 103)	'reng'	4857
10073	(10036, 504)	'人民共和国'	4881
10074	(108, 95)	'l_'	4928
10075	(802, 102)	' saf'	4930
10076	(2542, 280)	'error'	4956
10077	(614, 153)	'浙'	4966
10078	(535, 1924)	' Russ'	5002
10079	(1068, 132)	'萄'	5010
10080	(647, 1366)	' Jew'	5011
10081	(10071, 10079)	'葡萄'	5022
10082	(1752, 562)	'undred'	5128
10083	(295, 622)	' thous'	5205
10084	(2651, 68)	'ORD'	5244
10085	(10036, 742)	'人民共和國'	5277
10086	(762, 2611)	'ccording'	5328
10087	(422, 135)	'织'	5336
10088	(422, 156)	'络'	5431
10089	(121, 905)	'yond'	5435
10090	(99, 1790)	'coh'	5548
10091	(393, 723)	' weap'	5560
10092	(1318, 144)	'荐'	5600
10093	(790, 2364)	'西班'	5604
10094	(1605, 101)	'inese'	5614
10095	(117, 4398)	'ufact'	5636
10096	(384, 1636)	'iforn'	5659
10097	(393, 108)	' wel'	5780
10098	(10096, 755)	'ifornia'	5802
10099	(1943, 859)	'罗斯'	5829
10100	(833, 99)	'duc'	5850
10101	(396, 532)	'ilies'	5851
10102	(10090, 372)	'cohol'	5970
10103	(783, 147)	'谓'	5983
10104	(5068, 437)	'ropriate'	5990
10105	(459, 1067)	' neigh'	6004
10106	(928, 130)	'漂'	6128
10107	(1542, 5179)	'林匹'	6151
10108	(457, 1012)	' commer'	6163
10109	(366, 1975)	' Aug'	6181
10110	(2903, 119)	'www'	6195
10111	(10107, 1184)	'林匹克'	6232
10112	(65, 102)	'Af'	6252
10113	(815, 145)	'筑'	6261
10114	(905, 263)	'ondon'	6300
10115	(668, 442)	'acters'	6318
10116	(306, 2195)	'lebr'	6355
10117	(1727, 609)	'gypt'	6391
10118	(1823, 396)	'pril'	6421
10119	(599, 329)	' Oct'	6458
10120	(112, 2068)	'pret'	6524
10121	(522, 10100)	' Educ'	6603
10122	(288, 865)	' dire'	6620
10123	(2707, 287)	' freed'	6624
10124	(39, 109)	"'m"	6651
10125	(361, 10033)	'cember'	6727
10126	(1745, 1074)	'flict'	6777
10127	(648, 144)	'析'	6778
10128	(458, 109)	' atm'	6784
10129	(916, 2277)	'hington'	6804
10130	(1827, 588)	'越来'	6810
10131	(2490, 278)	'iques'	6832
10132	(1053, 2027)	' symb'	6853
10133	(2437, 609)	' Sept'	6885
10134	(401, 109)	'term'	6894
10135	(4485, 323)	'cellent'	6900
10136	(1163, 1272)	'ossible'	6913
10137	(768, 502)	'ipment'	6951
10138	(710, 329)	'itect'	6988
10139	(306, 99)	'lec'	6995
10140	(506, 137)	'厉'	7010
10141	(984, 10033)	'ovember'	7040
10142	(289, 3941)	' tomor'	7140
10143	(1699, 2783)	' Associ'	7157
10144	(523, 4314)	' Feb'	7199
10145	(312, 562)	'vered'	7272
10146	(97, 902)	'aign'	7311
10147	(335, 329)	'sect'	7362
10148	(1462, 785)	'ricult'	7365
10149	(65, 119)	'Aw'	7368
10150	(4294, 291)	'iliar'	7387
10151	(485, 710)	'osite'	7390
10152	(274, 108)	'isl'	7398
10153	(286, 335)	'alse'	7437
10154	(120, 105)	'xi'	7483
10155	(351, 996)	'adian'	7497
10156	(387, 1970)	' Coun'	7517
10157	(306, 426)	'lege'	7531
10158	(2051, 888)	b'\xe7\x9c\xbc\xe7\x9d'	7560
10159	(1796, 121)	'gery'	7563
10160	(112, 95)	'p_'	7564
10161	(2762, 335)	'iverse'	7572
10162	(1112, 2250)	'加拿'	7583
10163	(289, 120)	' tox'	7587
10164	(739, 836)	'ruary'	7592
10165	(3367, 148)	'織'	7594
10166	(2599, 859)	'羅斯'	7622
10167	(2575, 120)	' approx'	7668
10168	(2345, 1385)	' Develop'	7695
10169	(1298, 1379)	' perspect'	7709
10170	(475, 489)	' liqu'	7733
10171	(4971, 1080)	'rieved'	7750
10172	(496, 98)	' alb'	7758
10173	(344, 1819)	' Tex'	7771
10174	(1108, 302)	'phas'	7785
10175	(548, 267)	' plat'	7811
10176	(280, 690)	'orage'	7830
10177	(387, 521)	' Cour'	7844
10178	(668, 313)	'actly'	7846
10179	(2361, 275)	'dden'	7852
10180	(919, 5035)	' coffe'	7881
10181	(1945, 148)	'擔'	7953
10182	(233, 176)	b'\xe9\xb0'	7966
10183	(10128, 3437)	' atmosp'	7991
10184	(776, 598)	' disag'	7998
10185	(370, 2391)	'irmed'	8013
10186	(4976, 859)	'穆斯'	8036
10187	(297, 451)	' hus'	8061
10188	(314, 569)	'stood'	8083
10189	(3160, 467)	' circum'	8116
10190	(468, 150)	'怖'	8127
10191	(260, 6216)	'rehens'	8143
10192	(10154, 1833)	'xiety'	8230
10193	(3774, 172)	'瞬'	8250
10194	(263, 449)	'onest'	8260
10195	(1859, 172)	'責'	8269
10196	(582, 562)	'fered'	8317
10197	(291, 452)	'arant'	8325
10198	(1859, 160)	'負'	8346
10199	(1811, 277)	' explan'	8368
10200	(32, 3625)	' ille'	8373
10201	(395, 336)	'raid'	8419
10202	(1324, 1442)	'建制'	8423
10203	(401, 1639)	'terday'	8505
10204	(1800, 301)	' polic'	8520
10205	(5243, 6326)	' ridicul'	8530
10206	(283, 1230)	' phen'	8538
10207	(104, 1000)	'hors'	8615
10208	(278, 1059)	'essel'	8668
10209	(437, 1727)	'ategy'	8688
10210	(269, 274)	'ouis'	8760
10211	(1457, 1813)	b'\xe5\x9f\xba\xe7\xa1'	8789
10212	(2135, 977)	'未知'	8881
10213	(637, 185)	'苹'	8900
10214	(526, 187)	'逻'	8915
10215	(3555, 280)	' Flor'	8941
10216	(2114, 137)	'築'	8954
10217	(1743, 131)	'垃'	8992
10218	(121, 2366)	'ygen'	9027
10219	(338, 190)	'圾'	9074
10220	(490, 411)	' vul'	9093
10221	(303, 666)	'ompl'	9438
10222	(260, 1513)	'reland'	9441
10223	(691, 151)	'晗'	9499
10224	(338, 179)	'圳'	9610
10225	(540, 1662)	'和人口'	9727
10226	(10225, 5162)	'和人口皆'	10111
