12000	(131, 189)	b'\x83\xbd'	424
12001	(304, 39)	" I'"	629
12002	(321, 99)	' bec'	811
12003	(468, 142)	'怎'	1039
12004	(73, 39)	"I'"	1162
12005	(1032, 582)	' diffe'	1219
12006	(830, 1257)	' includ'	1406
12007	(366, 1628)	' Americ'	1759
12008	(305, 139)	'朋'	1849
12009	(308, 595)	' giv'	1887
12010	(830, 260)	' incre'	1892
12011	(393, 101)	' wee'	1899
12012	(268, 303)	' wom'	1972
12013	(370, 263)	'iron'	2031
12014	(847, 269)	' grou'	2039
12015	(306, 808)	'lease'	2047
12016	(681, 57)	'199'	2138
12017	(516, 913)	' chang'	2268
12018	(776, 101)	' dise'	2502
12019	(522, 1410)	' Eng'	2510
12020	(2328, 502)	'vironment'	2525
12021	(490, 602)	' vide'	2540
12022	(710, 313)	'itely'	2675
12023	(1859, 303)	'conom'	2694
12024	(1447, 449)	'ggest'	2756
12025	(297, 356)	' hig'	2768
12026	(283, 1074)	' pict'	2928
12027	(289, 1376)	' toget'	2963
12028	(419, 839)	' conne'	3011
12029	(300, 2619)	' langu'	3065
12030	(109, 797)	'mber'	3092
12031	(583, 172)	'括'	3105
12032	(285, 2565)	' answ'	3110
12033	(1923, 2379)	'人民共和'	3121
12034	(1792, 110)	'ohn'	3174
12035	(1059, 1306)	'selves'	3175
12036	(1304, 800)	'ecause'	3190
12037	(239, 189)	b'\xef\xbd'	3237
12038	(324, 758)	'是法'	3276
12039	(418, 118)	' mov'	3417
12040	(118, 1845)	'vices'	3467
12041	(903, 1483)	' prote'	3519
12042	(283, 590)	' pie'	3700
12043	(572, 1835)	'ciety'	3718
12044	(3284, 110)	' _n'	3722
12045	(425, 1231)	' Brit'	3796
12046	(403, 110)	'hern'	3802
12047	(2208, 853)	' behav'	3837
12048	(602, 562)	'idered'	3934
12049	(288, 739)	' dru'	3937
12050	(2276, 439)	' estab'	3996
12051	(516, 549)	' chall'	4021
12052	(843, 1129)	' Intern'	4028
12053	(2494, 1463)	' Afric'	4043
12054	(1611, 259)	' opin'	4046
12055	(1384, 1825)	' surpr'	4096
12056	(583, 169)	'择'	4197
12057	(2954, 360)	'sych'	4234
12058	(321, 2754)	' beaut'	4259
12059	(1428, 274)	'ysis'	4270
12060	(2258, 112)	' purp'	4275
12061	(595, 396)	'ivil'	4316
12062	(427, 103)	' deg'	4358
12063	(2405, 1096)	'密度'	4501
12064	(453, 99)	' doc'	4529
12065	(1356, 118)	' obv'	4537
12066	(3638, 286)	'ournal'	4572
12067	(2437, 2733)	' opportun'	4577
12068	(450, 737)	'rible'	4686
12069	(3857, 2104)	' Austral'	4746
12070	(880, 1022)	'rences'	4824
12071	(1684, 161)	'葡'	4855
12072	(880, 103)	'reng'	4857
12073	(12033, 504)	'人民共和国'	4881
12074	(108, 95)	'l_'	4928
12075	(2543, 280)	'error'	4956
12076	(614, 153)	'浙'	4966
12077	(1068, 132)	'萄'	5010
12078	(1754, 562)	'undred'	5128
12079	(279, 739)	' fru'	5202
12080	(295, 622)	' thous'	5205
12081	(12033, 742)	'人民共和國'	5277
12082	(351, 512)	'adem'	5313
12083	(762, 2612)	'ccording'	5328
12084	(422, 156)	'络'	5431
12085	(297, 3230)	' htt'	5511
12086	(99, 1792)	'coh'	5548
12087	(393, 723)	' weap'	5560
12088	(1318, 144)	'荐'	5600
12089	(790, 2366)	'西班'	5604
12090	(117, 4397)	'ufact'	5636
12091	(384, 1637)	'iforn'	5659
12092	(301, 594)	'icine'	5796
12093	(12091, 755)	'ifornia'	5802
12094	(1945, 859)	'罗斯'	5829
12095	(396, 532)	'ilies'	5851
12096	(1422, 2986)	'efully'	5938
12097	(459, 1067)	' neigh'	6004
12098	(613, 1440)	'indows'	6011
12099	(763, 263)	' compon'	6113
12100	(1543, 5183)	'林匹'	6151
12101	(382, 532)	'uries'	6157
12102	(366, 1977)	' Aug'	6181
12103	(12100, 1184)	'林匹克'	6232
12104	(815, 145)	'筑'	6261
12105	(2635, 467)	'useum'	6274
12106	(905, 263)	'ondon'	6300
12107	(668, 442)	'acters'	6318
12108	(306, 2197)	'lebr'	6355
12109	(1729, 609)	'gypt'	6391
12110	(297, 622)	' hous'	6407
12111	(2477, 104)	' veh'	6409
12112	(1825, 396)	'pril'	6421
12113	(111, 634)	'overy'	6506
12114	(288, 865)	' dire'	6620
12115	(2707, 287)	' freed'	6624
12116	(361, 12030)	'cember'	6727
12117	(1356, 116)	' obt'	6735
12118	(1747, 1074)	'flict'	6777
12119	(648, 144)	'析'	6778
12120	(916, 2279)	'hington'	6804
12121	(1829, 588)	'越来'	6810
12122	(2491, 278)	'iques'	6832
12123	(786, 4997)	' pregn'	6873
12124	(2439, 609)	' Sept'	6885
12125	(401, 109)	'term'	6894
12126	(1163, 1272)	'ossible'	6913
12127	(768, 502)	'ipment'	6951
12128	(506, 137)	'厉'	7010
12129	(984, 12030)	'ovember'	7040
12130	(289, 3945)	' tomor'	7140
12131	(523, 4313)	' Feb'	7199
12132	(312, 562)	'vered'	7272
12133	(97, 902)	'aign'	7311
12134	(1463, 785)	'ricult'	7365
12135	(4293, 291)	'iliar'	7387
12136	(485, 710)	'osite'	7390
12137	(120, 105)	'xi'	7483
12138	(387, 1972)	' Coun'	7517
12139	(306, 426)	'lege'	7531
12140	(2053, 888)	b'\xe7\x9c\xbc\xe7\x9d'	7560
12141	(112, 95)	'p_'	7564
12142	(1112, 2252)	'加拿'	7583
12143	(739, 836)	'ruary'	7592
12144	(3369, 148)	'織'	7594
12145	(2600, 859)	'羅斯'	7622
12146	(1298, 1380)	' perspect'	7709
12147	(4975, 1080)	'rieved'	7750
12148	(344, 1821)	' Tex'	7771
12149	(1108, 302)	'phas'	7785
12150	(548, 267)	' plat'	7811
12151	(280, 690)	'orage'	7830
12152	(668, 313)	'actly'	7846
12153	(2363, 275)	'dden'	7852
12154	(919, 5039)	' coffe'	7881
12155	(1947, 148)	'擔'	7953
12156	(233, 176)	b'\xe9\xb0'	7966
12157	(776, 598)	' disag'	7998
12158	(370, 2393)	'irmed'	8013
12159	(4980, 859)	'穆斯'	8036
12160	(297, 451)	' hus'	8061
12161	(468, 150)	'怖'	8127
12162	(260, 6224)	'rehens'	8143
12163	(12137, 1835)	'xiety'	8230
12164	(3777, 172)	'瞬'	8250
12165	(263, 449)	'onest'	8260
12166	(1861, 172)	'責'	8269
12167	(582, 562)	'fered'	8317
12168	(291, 452)	'arant'	8325
12169	(1861, 160)	'負'	8346
12170	(32, 3627)	' ille'	8373
12171	(395, 336)	'raid'	8419
12172	(1324, 1443)	'建制'	8423
12173	(401, 1640)	'terday'	8505
12174	(1802, 301)	' polic'	8520
12175	(5246, 6332)	' ridicul'	8530
12176	(998, 370)	' Vir'	8531
12177	(283, 1230)	' phen'	8538
12178	(104, 1000)	'hors'	8615
12179	(647, 743)	' Jose'	8650
12180	(71, 78)	'GN'	8663
12181	(278, 1059)	'essel'	8668
12182	(437, 1729)	'ategy'	8688
12183	(3620, 1548)	' Amaz'	8736
12184	(269, 274)	'ouis'	8760
12185	(1458, 1815)	b'\xe5\x9f\xba\xe7\xa1'	8789
12186	(359, 978)	'不明'	8820
12187	(2137, 977)	'未知'	8881
12188	(637, 185)	'苹'	8900
12189	(526, 187)	'逻'	8915
12190	(3557, 280)	' Flor'	8941
12191	(2116, 137)	'築'	8954
12192	(1745, 131)	'垃'	8992
12193	(282, 382)	' mur'	8996
12194	(387, 1235)	' Cath'	9017
12195	(121, 2368)	'ygen'	9027
12196	(1894, 327)	' crow'	9030
12197	(338, 190)	'圾'	9074
12198	(4412, 116)	'obert'	9087
12199	(1984, 607)	'ructure'	9090
12200	(490, 411)	' vul'	9093
12201	(3190, 65)	'ASA'	9114
12202	(288, 2303)	' divid'	9132
12203	(353, 2767)	'amental'	9135
12204	(276, 4154)	' budd'	9304
12205	(869, 2001)	' perman'	9322
12206	(117, 753)	'uable'	9416
12207	(464, 275)	' Hen'	9421
12208	(1116, 191)	'響'	9434
12209	(303, 666)	'ompl'	9438
12210	(260, 1514)	'reland'	9441
12211	(514, 167)	'歧'	9498
12212	(691, 151)	'晗'	9499
12213	(276, 439)	' bab'	9514
12214	(523, 828)	' Face'	9542
12215	(955, 742)	'民國'	9601
12216	(338, 179)	'圳'	9610
12217	(286, 996)	'alian'	9614
12218	(434, 635)	' Pac'	9638
12219	(3099, 2387)	'ognitive'	9688
12220	(903, 263)	' pron'	9719
12221	(540, 1664)	'和人口'	9727
12222	(462, 1087)	'unte'	9760
12223	(485, 275)	'osen'	9772
12224	(437, 311)	'atell'	9773
12225	(2060, 1729)	'nergy'	9792
12226	(720, 130)	'係'	9822
12227	(1292, 609)	' empt'	9827
12228	(3536, 591)	'运动会'	9831
12229	(300, 118)	' lv'	9833
12230	(395, 1484)	'racy'	9846
12231	(411, 467)	'ulum'	9849
12232	(398, 6763)	'ndrome'	9900
12233	(297, 2355)	' hilar'	9907
12234	(522, 3390)	' Emp'	9938
12235	(281, 442)	'ingers'	9945
12236	(7955, 314)	' circumst'	9984
12237	(7047, 439)	' datab'	9992
12238	(2787, 12103)	'奥林匹克'	10006
12239	(274, 274)	'isis'	10058
12240	(1955, 307)	'ashion'	10059
12241	(301, 7277)	'icago'	10062
12242	(12221, 5166)	'和人口皆'	10111
12243	(291, 2551)	'arrow'	10130
12244	(195, 163)	'ã'	10189
12245	(4566, 1657)	'運動會'	10196
12246	(680, 307)	'ansion'	10213
12247	(3706, 12103)	'奧林匹克'	10215
12248	(521, 3768)	'ourney'	10216
12249	(2351, 4121)	' equival'	10239
12250	(357, 172)	'尬'	10261
12251	(3486, 263)	'regon'	10275
12252	(2375, 570)	'ername'	10278
12253	(8215, 1303)	'osystem'	10330
12254	(12176, 2455)	' Virgin'	10339
12255	(303, 857)	'omach'	10492
12256	(1973, 7606)	' corresp'	10612
12257	(582, 1035)	'ferent'	10631
12258	(533, 1245)	'ellect'	10647
12259	(2374, 4977)	'ircraft'	10655
12260	(354, 153)	'宙'	10684
12261	(2018, 278)	'comes'	10694
12262	(358, 947)	'verty'	10778
12263	(118, 3838)	'viet'	10838
12264	(5469, 12199)	'rastructure'	10926
12265	(99, 449)	'cest'	10947
12266	(508, 941)	'resents'	11002
12267	(435, 99)	' suc'	11007
12268	(357, 180)	'尴'	11033
12269	(1593, 846)	'tenance'	11068
12270	(115, 1004)	'swe'	11118
12271	(4151, 1898)	'互联'	11197
12272	(404, 662)	'cknow'	11334
12273	(855, 187)	'姻'	11346
12274	(309, 2357)	' nerv'	11458
12275	(1003, 3681)	'特朗'	11791
12276	(764, 1188)	'那州'	11810
12277	(1100, 4474)	'利桑'	11866
