12000	(131, 189)	b'\x83\xbd'	424
12001	(304, 39)	" I'"	629
12002	(321, 99)	' bec'	811
12003	(73, 39)	"I'"	1162
12004	(1032, 582)	' diffe'	1219
12005	(830, 1258)	' includ'	1406
12006	(366, 1629)	' Americ'	1759
12007	(308, 595)	' giv'	1887
12008	(830, 260)	' incre'	1892
12009	(393, 101)	' wee'	1899
12010	(847, 269)	' grou'	2039
12011	(681, 57)	'199'	2138
12012	(516, 913)	' chang'	2268
12013	(776, 101)	' dise'	2502
12014	(490, 602)	' vide'	2540
12015	(1861, 303)	'conom'	2694
12016	(1448, 449)	'ggest'	2756
12017	(297, 356)	' hig'	2768
12018	(289, 1377)	' toget'	2963
12019	(419, 839)	' conne'	3011
12020	(300, 2626)	' langu'	3065
12021	(1925, 2384)	'人民共和'	3121
12022	(1793, 110)	'ohn'	3174
12023	(1305, 800)	'ecause'	3190
12024	(239, 189)	b'\xef\xbd'	3237
12025	(324, 758)	'是法'	3276
12026	(418, 118)	' mov'	3417
12027	(118, 1847)	'vices'	3467
12028	(903, 1484)	' prote'	3519
12029	(572, 1836)	'ciety'	3718
12030	(3297, 110)	' _n'	3722
12031	(403, 110)	'hern'	3802
12032	(2213, 853)	' behav'	3837
12033	(602, 562)	'idered'	3934
12034	(288, 739)	' dru'	3937
12035	(2281, 439)	' estab'	3996
12036	(516, 549)	' chall'	4021
12037	(843, 1130)	' Intern'	4028
12038	(2500, 1464)	' Afric'	4043
12039	(1612, 259)	' opin'	4046
12040	(1385, 1826)	' surpr'	4096
12041	(2963, 360)	'sych'	4234
12042	(321, 2762)	' beaut'	4259
12043	(1429, 274)	'ysis'	4270
12044	(2263, 112)	' purp'	4275
12045	(595, 396)	'ivil'	4316
12046	(427, 103)	' deg'	4358
12047	(2410, 1097)	'密度'	4501
12048	(453, 99)	' doc'	4529
12049	(1357, 118)	' obv'	4537
12050	(3651, 286)	'ournal'	4572
12051	(2442, 2741)	' opportun'	4577
12052	(450, 737)	'rible'	4686
12053	(880, 1022)	'rences'	4824
12054	(1685, 161)	'葡'	4855
12055	(12021, 504)	'人民共和国'	4881
12056	(108, 95)	'l_'	4928
12057	(1069, 132)	'萄'	5010
12058	(1755, 562)	'undred'	5128
12059	(279, 739)	' fru'	5202
12060	(295, 622)	' thous'	5205
12061	(12021, 742)	'人民共和國'	5277
12062	(762, 2619)	'ccording'	5328
12063	(422, 156)	'络'	5431
12064	(297, 3243)	' htt'	5511
12065	(393, 723)	' weap'	5560
12066	(1319, 144)	'荐'	5600
12067	(790, 2371)	'西班'	5604
12068	(384, 1638)	'iforn'	5659
12069	(301, 594)	'icine'	5796
12070	(12068, 755)	'ifornia'	5802
12071	(1423, 2995)	'efully'	5938
12072	(459, 1068)	' neigh'	6004
12073	(613, 1441)	'indows'	6011
12074	(763, 263)	' compon'	6113
12075	(1544, 5203)	'林匹'	6151
12076	(12075, 1185)	'林匹克'	6232
12077	(2642, 467)	'useum'	6274
12078	(668, 442)	'acters'	6318
12079	(306, 2202)	'lebr'	6355
12080	(2482, 104)	' veh'	6409
12081	(1826, 396)	'pril'	6421
12082	(111, 634)	'overy'	6506
12083	(288, 865)	' dire'	6620
12084	(361, 3071)	'cember'	6727
12085	(1748, 1075)	'flict'	6777
12086	(648, 144)	'析'	6778
12087	(916, 2284)	'hington'	6804
12088	(1830, 588)	'越来'	6810
12089	(786, 5017)	' pregn'	6873
12090	(768, 502)	'ipment'	6951
12091	(984, 3071)	'ovember'	7040
12092	(289, 3960)	' tomor'	7140
12093	(312, 562)	'vered'	7272
12094	(97, 902)	'aign'	7311
12095	(1464, 785)	'ricult'	7365
12096	(120, 105)	'xi'	7483
12097	(306, 426)	'lege'	7531
12098	(2058, 888)	b'\xe7\x9c\xbc\xe7\x9d'	7560
12099	(112, 95)	'p_'	7564
12100	(1113, 2257)	'加拿'	7583
12101	(739, 836)	'ruary'	7592
12102	(3382, 148)	'織'	7594
12103	(2607, 859)	'羅斯'	7622
12104	(4995, 1081)	'rieved'	7750
12105	(344, 1822)	' Tex'	7771
12106	(548, 267)	' plat'	7811
12107	(280, 690)	'orage'	7830
12108	(2368, 275)	'dden'	7852
12109	(919, 5059)	' coffe'	7881
12110	(776, 598)	' disag'	7998
12111	(5000, 859)	'穆斯'	8036
12112	(468, 150)	'怖'	8127
12113	(12096, 1836)	'xiety'	8230
12114	(3792, 172)	'瞬'	8250
12115	(1863, 172)	'責'	8269
12116	(582, 562)	'fered'	8317
12117	(291, 452)	'arant'	8325
12118	(1863, 160)	'負'	8346
12119	(32, 3640)	' ille'	8373
12120	(395, 336)	'raid'	8419
12121	(401, 1641)	'terday'	8505
12122	(1803, 301)	' polic'	8520
12123	(104, 1000)	'hors'	8615
12124	(278, 1060)	'essel'	8668
12125	(437, 1730)	'ategy'	8688
12126	(269, 274)	'ouis'	8760
12127	(1459, 1816)	b'\xe5\x9f\xba\xe7\xa1'	8789
12128	(2142, 977)	'未知'	8881
12129	(637, 185)	'苹'	8900
12130	(526, 187)	'逻'	8915
12131	(3570, 280)	' Flor'	8941
12132	(2121, 137)	'築'	8954
12133	(1746, 131)	'垃'	8992
12134	(121, 2373)	'ygen'	9027
12135	(338, 190)	'圾'	9074
12136	(490, 411)	' vul'	9093
12137	(117, 753)	'uable'	9416
12138	(1117, 191)	'響'	9434
12139	(303, 666)	'ompl'	9438
12140	(260, 1515)	'reland'	9441
12141	(691, 151)	'晗'	9499
12142	(523, 828)	' Face'	9542
12143	(338, 179)	'圳'	9610
12144	(434, 635)	' Pac'	9638
12145	(540, 1665)	'和人口'	9727
12146	(2065, 1730)	'nergy'	9792
12147	(720, 130)	'係'	9822
12148	(1293, 609)	' empt'	9827
12149	(395, 1485)	'racy'	9846
12150	(411, 467)	'ulum'	9849
12151	(398, 6798)	'ndrome'	9900
12152	(297, 2360)	' hilar'	9907
12153	(522, 3403)	' Emp'	9938
12154	(8004, 314)	' circumst'	9984
12155	(7085, 439)	' datab'	9992
12156	(2795, 12076)	'奥林匹克'	10006
12157	(274, 274)	'isis'	10058
12158	(1957, 307)	'ashion'	10059
12159	(301, 7318)	'icago'	10062
12160	(12145, 5186)	'和人口皆'	10111
12161	(291, 2558)	'arrow'	10130
12162	(195, 163)	'ã'	10189
12163	(4582, 1658)	'運動會'	10196
12164	(680, 307)	'ansion'	10213
12165	(3720, 12076)	'奧林匹克'	10215
12166	(521, 3783)	'ourney'	10216
12167	(2356, 4136)	' equival'	10239
12168	(357, 172)	'尬'	10261
12169	(3499, 263)	'regon'	10275
12170	(2380, 570)	'ername'	10278
12171	(8266, 1304)	'osystem'	10330
12172	(8408, 2460)	' Virgin'	10339
12173	(303, 857)	'omach'	10492
12174	(1976, 7649)	' corresp'	10612
12175	(582, 1035)	'ferent'	10631
12176	(533, 1246)	'ellect'	10647
12177	(2379, 4997)	'ircraft'	10655
12178	(354, 153)	'宙'	10684
12179	(2022, 278)	'comes'	10694
12180	(358, 947)	'verty'	10778
12181	(118, 3853)	'viet'	10838
12182	(5491, 8954)	'rastructure'	10926
12183	(99, 449)	'cest'	10947
12184	(508, 941)	'resents'	11002
12185	(435, 99)	' suc'	11007
12186	(357, 180)	'尴'	11033
12187	(1594, 846)	'tenance'	11068
12188	(4167, 1900)	'互联'	11197
12189	(404, 662)	'cknow'	11334
12190	(855, 187)	'姻'	11346
12191	(309, 2362)	' nerv'	11458
