12000	(131, 189)	b'\x83\xbd'	424
12001	(321, 99)	' bec'	811
12002	(73, 39)	"I'"	1162
12003	(1033, 582)	' diffe'	1219
12004	(831, 1259)	' includ'	1406
12005	(308, 595)	' giv'	1887
12006	(848, 269)	' grou'	2039
12007	(682, 57)	'199'	2138
12008	(516, 914)	' chang'	2268
12009	(777, 101)	' dise'	2502
12010	(490, 602)	' vide'	2540
12011	(1863, 303)	'conom'	2694
12012	(297, 356)	' hig'	2768
12013	(289, 1378)	' toget'	2963
12014	(300, 2630)	' langu'	3065
12015	(1929, 2388)	'人民共和'	3121
12016	(1306, 801)	'ecause'	3190
12017	(239, 189)	b'\xef\xbd'	3237
12018	(418, 118)	' mov'	3417
12019	(118, 1849)	'vices'	3467
12020	(904, 1485)	' prote'	3519
12021	(572, 1838)	'ciety'	3718
12022	(3305, 110)	' _n'	3722
12023	(2217, 854)	' behav'	3837
12024	(602, 562)	'idered'	3934
12025	(2285, 439)	' estab'	3996
12026	(516, 549)	' chall'	4021
12027	(1613, 259)	' opin'	4046
12028	(1386, 1828)	' surpr'	4096
12029	(1430, 274)	'ysis'	4270
12030	(2267, 112)	' purp'	4275
12031	(595, 396)	'ivil'	4316
12032	(427, 103)	' deg'	4358
12033	(1358, 118)	' obv'	4537
12034	(2446, 2746)	' opportun'	4577
12035	(881, 1023)	'rences'	4824
12036	(1686, 161)	'葡'	4855
12037	(12015, 504)	'人民共和国'	4881
12038	(108, 95)	'l_'	4928
12039	(1070, 132)	'萄'	5010
12040	(295, 622)	' thous'	5205
12041	(12015, 743)	'人民共和國'	5277
12042	(763, 2623)	'ccording'	5328
12043	(297, 3250)	' htt'	5511
12044	(393, 724)	' weap'	5560
12045	(1320, 144)	'荐'	5600
12046	(791, 2375)	'西班'	5604
12047	(384, 1639)	'iforn'	5659
12048	(301, 594)	'icine'	5796
12049	(1424, 3001)	'efully'	5938
12050	(459, 1069)	' neigh'	6004
12051	(613, 1442)	'indows'	6011
12052	(764, 263)	' compon'	6113
12053	(1545, 5223)	'林匹'	6151
12054	(12053, 1186)	'林匹克'	6232
12055	(2646, 467)	'useum'	6274
12056	(669, 442)	'acters'	6318
12057	(2486, 104)	' veh'	6409
12058	(1832, 588)	'越来'	6810
12059	(787, 5035)	' pregn'	6873
12060	(769, 502)	'ipment'	6951
12061	(289, 3970)	' tomor'	7140
12062	(312, 562)	'vered'	7272
12063	(1465, 786)	'ricult'	7365
12064	(2062, 889)	b'\xe7\x9c\xbc\xe7\x9d'	7560
12065	(112, 95)	'p_'	7564
12066	(1114, 2261)	'加拿'	7583
12067	(3390, 148)	'織'	7594
12068	(344, 1824)	' Tex'	7771
12069	(2372, 275)	'dden'	7852
12070	(920, 5077)	' coffe'	7881
12071	(777, 598)	' disag'	7998
12072	(5018, 860)	'穆斯'	8036
12073	(468, 150)	'怖'	8127
12074	(3801, 172)	'瞬'	8250
12075	(582, 562)	'fered'	8317
12076	(395, 336)	'raid'	8419
12077	(401, 1642)	'terday'	8505
12078	(1805, 301)	' polic'	8520
12079	(278, 1061)	'essel'	8668
12080	(437, 1731)	'ategy'	8688
12081	(1460, 1818)	b'\xe5\x9f\xba\xe7\xa1'	8789
12082	(638, 185)	'苹'	8900
12083	(526, 187)	'逻'	8915
12084	(3578, 280)	' Flor'	8941
12085	(2125, 137)	'築'	8954
12086	(1747, 131)	'垃'	8992
12087	(121, 2377)	'ygen'	9027
12088	(338, 190)	'圾'	9074
12089	(303, 667)	'ompl'	9438
12090	(260, 1516)	'reland'	9441
12091	(692, 151)	'晗'	9499
12092	(338, 179)	'圳'	9610
12093	(540, 1666)	'和人口'	9727
12094	(721, 130)	'係'	9822
12095	(395, 1486)	'racy'	9846
12096	(411, 467)	'ulum'	9849
12097	(297, 2364)	' hilar'	9907
12098	(301, 7350)	'icago'	10062
12099	(12093, 5206)	'和人口皆'	10111
12100	(521, 3792)	'ourney'	10216
12101	(2360, 4148)	' equival'	10239
12102	(357, 172)	'尬'	10261
12103	(3507, 263)	'regon'	10275
12104	(2384, 570)	'ername'	10278
12105	(8310, 1305)	'osystem'	10330
12106	(303, 858)	'omach'	10492
12107	(1980, 7686)	' corresp'	10612
12108	(533, 1247)	'ellect'	10647
12109	(2383, 5015)	'ircraft'	10655
12110	(354, 153)	'宙'	10684
12111	(358, 948)	'verty'	10778
12112	(118, 3862)	'viet'	10838
12113	(5512, 9001)	'rastructure'	10926
12114	(99, 449)	'cest'	10947
12115	(508, 942)	'resents'	11002
12116	(435, 99)	' suc'	11007
12117	(357, 180)	'尴'	11033
12118	(1595, 847)	'tenance'	11068
12119	(4179, 1904)	'互联'	11197
12120	(404, 663)	'cknow'	11334
