14000	(131, 189)	b'\x83\xbd'	417
14001	(313, 39)	" I'"	715
14002	(439, 315)	'ople'	822
14003	(336, 99)	' bec'	950
14004	(717, 49)	' 201'	1094
14005	(73, 39)	"I'"	1356
14006	(935, 1399)	' includ'	1559
14007	(1347, 824)	' differe'	1612
14008	(1262, 315)	' proble'	2034
14009	(369, 1879)	' Americ'	2050
14010	(268, 308)	' wom'	2131
14011	(499, 1329)	' produ'	2140
14012	(281, 996)	' foll'	2189
14013	(286, 1098)	' mov'	2216
14014	(311, 686)	' giv'	2235
14015	(645, 101)	' spe'	2362
14016	(935, 262)	' incre'	2397
14017	(518, 673)	' vide'	2585
14018	(903, 351)	' contro'	2651
14019	(556, 974)	' chang'	2857
14020	(375, 264)	'iron'	3029
14021	(2246, 308)	'conom'	3034
14022	(811, 322)	'itely'	3248
14023	(294, 364)	' hig'	3343
14024	(293, 1529)	' toget'	3447
14025	(521, 1967)	' sugg'	3565
14026	(118, 1943)	'vices'	3570
14027	(1519, 141)	'্'	3592
14028	(141, 772)	b'\x8d\xe0\xaa'	4099
14029	(1636, 1179)	'uesday'	4102
14030	(413, 912)	'大利'	4154
14031	(961, 101)	' dise'	4364
14032	(662, 100)	' upd'	4408
14033	(556, 577)	' chall'	4428
14034	(2964, 1179)	'nesday'	4485
14035	(362, 1551)	' Sund'	4491
14036	(436, 110)	'hern'	4538
14037	(2543, 3005)	' opportun'	4568
14038	(2103, 3561)	'人民共和'	4608
14039	(1665, 1811)	' surpr'	4609
14040	(2427, 288)	'duced'	4627
14041	(288, 2066)	'ederal'	4748
14042	(750, 190)	'ா'	4753
14043	(284, 4093)	' piec'	4852
14044	(1006, 1402)	' Intern'	4968
14045	(1676, 259)	' opin'	4978
14046	(14003, 308)	' becom'	5013
14047	(4081, 2436)	' Austral'	5076
14048	(218, 186)	'ں'	5083
14049	(177, 1669)	b'\xb1\xe4\xb9\x90'	5105
14050	(300, 1199)	'asons'	5179
14051	(3300, 2247)	'ospital'	5213
14052	(2505, 104)	' veh'	5258
14053	(1387, 128)	'础'	5280
14054	(1576, 2411)	'ccording'	5349
14055	(105, 2443)	'iety'	5438
14056	(673, 640)	'idered'	5462
14057	(1789, 118)	' obv'	5485
14058	(793, 4794)	' immedi'	5487
14059	(544, 1835)	'来越'	5652
14060	(1628, 315)	'rible'	5753
14061	(239, 189)	b'\xef\xbd'	5757
14062	(404, 579)	' weap'	5779
14063	(2657, 939)	' behav'	5840
14064	(2069, 735)	'ornia'	5863
14065	(947, 2645)	'西班'	5868
14066	(497, 309)	' doll'	5877
14067	(294, 2399)	' htt'	5925
14068	(537, 103)	' deg'	5990
14069	(3188, 1179)	'ursday'	6138
14070	(226, 152)	b'\xe2\x98'	6245
14071	(1038, 971)	'ruary'	6362
14072	(493, 450)	' neigh'	6368
14073	(314, 179)	'圳'	6442
14074	(1693, 138)	'腊'	6447
14075	(235, 138)	b'\xeb\x8a'	6740
14076	(407, 601)	'ilies'	6800
14077	(3005, 2387)	'ortunately'	6904
14078	(1992, 161)	'葡'	6919
14079	(1429, 177)	'ੱ'	6940
14080	(1644, 3627)	'efully'	6981
14081	(976, 1209)	' sched'	7054
14082	(109, 847)	'mber'	7074
14083	(14038, 433)	'人民共和国'	7168
14084	(109, 859)	'mpt'	7216
14085	(1055, 132)	'萄'	7264
14086	(855, 2184)	'加拿'	7353
14087	(294, 732)	' hous'	7357
14088	(970, 14082)	'ovember'	7367
14089	(98, 484)	'bum'	7368
14090	(294, 470)	' hus'	7455
14091	(185, 163)	b'\xb9\xa3'	7554
14092	(882, 162)	'恢'	7570
14093	(412, 14036)	'outhern'	7614
14094	(1482, 14084)	' sympt'	7712
14095	(606, 14036)	'orthern'	7717
14096	(233, 137)	b'\xe9\x89'	7810
14097	(935, 640)	' incred'	7844
14098	(1433, 111)	' smo'	7884
14099	(401, 109)	'term'	7963
14100	(14038, 1154)	'人民共和國'	7998
14101	(110, 3137)	'noon'	8086
14102	(401, 1179)	'terday'	8179
14103	(343, 1799)	'acters'	8190
14104	(798, 2223)	'ionship'	8210
14105	(1178, 841)	'色球'	8246
14106	(114, 678)	'round'	8291
14107	(3727, 273)	' Flor'	8399
14108	(2256, 278)	' legis'	8407
14109	(3076, 737)	' equip'	8619
14110	(433, 1326)	'国务'	8658
14111	(3496, 14030)	'澳大利'	8740
14112	(305, 6736)	'icago'	8795
14113	(2130, 4611)	' determ'	9004
14114	(486, 2325)	'ategy'	9053
14115	(7819, 2883)	' Virgin'	9071
14116	(4248, 291)	'iliar'	9220
14117	(1500, 704)	' coff'	9223
14118	(986, 3325)	'意味'	9331
14119	(1327, 278)	' cris'	9357
14120	(108, 95)	'l_'	9408
14121	(2112, 121)	'gery'	9439
14122	(2927, 264)	'ackson'	9566
14123	(879, 155)	'睛'	9569
14124	(557, 2427)	' Educ'	9674
14125	(105, 3318)	'iams'	9760
14126	(598, 264)	'oston'	9962
14127	(235, 161)	b'\xeb\xa1'	9970
14128	(457, 168)	'咨'	10002
14129	(2343, 277)	'dden'	10011
14130	(322, 4845)	'lymp'	10014
14131	(325, 105)	'oti'	10108
14132	(114, 605)	'rast'	10157
14133	(2325, 859)	'gypt'	10206
14134	(3384, 271)	' Commit'	10213
14135	(4427, 484)	' circum'	10233
14136	(443, 1214)	'unte'	10295
14137	(5446, 112)	' persp'	10351
14138	(1007, 1498)	' Veg'	10400
14139	(14081, 468)	' schedul'	10517
14140	(977, 133)	'墅'	10562
14141	(262, 1664)	'reland'	10588
14142	(3089, 120)	' approx'	10597
14143	(4815, 172)	'瞬'	10668
14144	(268, 2712)	' www'	10701
14145	(987, 186)	b' \xe1\xba'	10707
14146	(407, 1049)	'ilty'	10801
14147	(362, 2933)	' Soci'	10809
14148	(273, 785)	'orage'	10823
14149	(1362, 120)	'lix'	10904
14150	(432, 187)	'玻'	10980
14151	(628, 168)	'妨'	11053
14152	(1853, 108)	' confl'	11109
14153	(4053, 407)	'razil'	11114
14154	(1844, 2325)	'nergy'	11142
14155	(7692, 8911)	'光学变焦'	11211
14156	(1707, 8162)	'林匹'	11234
14157	(425, 147)	'寓'	11279
14158	(1732, 300)	'phas'	11339
14159	(2026, 14132)	' infrast'	11342
14160	(461, 150)	'怖'	11364
14161	(1774, 1139)	'ricult'	11434
14162	(720, 185)	'苹'	11456
14163	(9035, 283)	'abetes'	11500
14164	(1079, 7574)	'水扁'	11562
14165	(262, 8069)	'rehens'	11574
14166	(815, 155)	'矛'	11575
14167	(379, 1461)	' Cath'	11587
14168	(1631, 407)	' phil'	11616
14169	(362, 1286)	' Sup'	11617
14170	(84, 5515)	'Tube'	11663
14171	(709, 176)	'晰'	11672
14172	(5257, 131)	'璃'	11774
14173	(308, 890)	'ompl'	11780
14174	(14135, 318)	' circumst'	11792
14175	(271, 610)	'itect'	11813
14176	(3010, 1943)	'ervices'	11817
14177	(518, 468)	' vul'	11824
14178	(105, 723)	'ivery'	11830
14179	(3802, 259)	'evin'	11856
14180	(855, 7849)	'加坡'	11951
14181	(1505, 155)	' છ'	11985
14182	(345, 505)	'adel'	11994
14183	(485, 531)	' jour'	12007
14184	(335, 7042)	'aylor'	12015
14185	(597, 14049)	'俱乐'	12052
14186	(334, 564)	'ownt'	12056
14187	(960, 272)	'ordan'	12148
14188	(810, 187)	'姻'	12149
14189	(9733, 3300)	' atmosp'	12173
14190	(1260, 318)	' underst'	12180
14191	(2243, 272)	' explan'	12183
14192	(8821, 3337)	'anchester'	12208
14193	(1952, 2029)	'仅供'	12223
14194	(294, 3296)	' hilar'	12262
14195	(1255, 131)	'垃'	12285
14196	(314, 190)	'圾'	12346
14197	(1348, 1225)	'联网'	12389
14198	(4087, 264)	'regon'	12420
14199	(395, 3476)	' Muse'	12496
14200	(9052, 5740)	'rizona'	12528
14201	(1450, 859)	' empt'	12547
14202	(915, 129)	'胁'	12684
14203	(685, 1981)	'经销'	12735
14204	(730, 144)	'谐'	12743
14205	(532, 2409)	'家宝'	12797
14206	(1641, 627)	'季后'	12828
14207	(4296, 148)	'織'	12831
14208	(572, 640)	'ivered'	12915
14209	(708, 170)	'肪'	13020
14210	(68, 4174)	'DII'	13174
14211	(481, 2809)	'abama'	13184
14212	(324, 153)	'宙'	13260
14213	(14182, 1732)	'adelph'	13334
14214	(1626, 1096)	'传感'	13378
14215	(337, 172)	'尬'	13564
14216	(2389, 4220)	' Zeal'	13616
14217	(4545, 6269)	'胡锦'	13873
14218	(337, 180)	'尴'	14115
