14000	(131, 189)	b'\x83\xbd'	424
14001	(304, 39)	" I'"	629
14002	(321, 99)	' bec'	811
14003	(73, 39)	"I'"	1162
14004	(1032, 582)	' diffe'	1219
14005	(830, 1258)	' includ'	1406
14006	(366, 1629)	' Americ'	1759
14007	(308, 595)	' giv'	1887
14008	(830, 260)	' incre'	1892
14009	(393, 101)	' wee'	1899
14010	(370, 263)	'iron'	2031
14011	(847, 269)	' grou'	2039
14012	(325, 115)	' iss'	2093
14013	(681, 57)	'199'	2138
14014	(516, 913)	' chang'	2268
14015	(118, 14010)	'viron'	2346
14016	(776, 101)	' dise'	2502
14017	(490, 602)	' vide'	2540
14018	(1861, 303)	'conom'	2694
14019	(1448, 449)	'ggest'	2756
14020	(297, 356)	' hig'	2768
14021	(289, 1377)	' toget'	2963
14022	(419, 839)	' conne'	3011
14023	(1573, 372)	' invol'	3057
14024	(300, 2623)	' langu'	3065
14025	(1925, 2381)	'人民共和'	3121
14026	(1793, 110)	'ohn'	3174
14027	(1305, 800)	'ecause'	3190
14028	(239, 189)	b'\xef\xbd'	3237
14029	(324, 758)	'是法'	3276
14030	(418, 118)	' mov'	3417
14031	(118, 1847)	'vices'	3467
14032	(903, 1484)	' prote'	3519
14033	(572, 1836)	'ciety'	3718
14034	(3293, 110)	' _n'	3722
14035	(403, 110)	'hern'	3802
14036	(2211, 853)	' behav'	3837
14037	(739, 813)	'ruction'	3933
14038	(602, 562)	'idered'	3934
14039	(288, 739)	' dru'	3937
14040	(2279, 439)	' estab'	3996
14041	(516, 549)	' chall'	4021
14042	(843, 1130)	' Intern'	4028
14043	(2497, 1464)	' Afric'	4043
14044	(1612, 259)	' opin'	4046
14045	(372, 1595)	'olute'	4090
14046	(1385, 1826)	' surpr'	4096
14047	(2960, 360)	'sych'	4234
14048	(321, 2759)	' beaut'	4259
14049	(2132, 3453)	'的一个市镇'	4262
14050	(2322, 3456)	'的一個市鎮'	4267
14051	(1429, 274)	'ysis'	4270
14052	(2261, 112)	' purp'	4275
14053	(595, 396)	'ivil'	4316
14054	(427, 103)	' deg'	4358
14055	(2407, 1097)	'密度'	4501
14056	(453, 99)	' doc'	4529
14057	(1357, 118)	' obv'	4537
14058	(302, 1001)	'asons'	4539
14059	(3647, 286)	'ournal'	4572
14060	(2439, 2738)	' opportun'	4577
14061	(450, 737)	'rible'	4686
14062	(3868, 2107)	' Austral'	4746
14063	(880, 1022)	'rences'	4824
14064	(1685, 161)	'葡'	4855
14065	(14025, 504)	'人民共和国'	4881
14066	(108, 95)	'l_'	4928
14067	(1069, 132)	'萄'	5010
14068	(1755, 562)	'undred'	5128
14069	(672, 4403)	' immedi'	5132
14070	(279, 739)	' fru'	5202
14071	(295, 622)	' thous'	5205
14072	(14025, 742)	'人民共和國'	5277
14073	(287, 2931)	'ederal'	5285
14074	(762, 2616)	'ccording'	5328
14075	(422, 156)	'络'	5431
14076	(297, 3239)	' htt'	5511
14077	(393, 723)	' weap'	5560
14078	(3154, 460)	'minist'	5565
14079	(1319, 144)	'荐'	5600
14080	(790, 2368)	'西班'	5604
14081	(117, 4405)	'ufact'	5636
14082	(384, 1638)	'iforn'	5659
14083	(301, 594)	'icine'	5796
14084	(5026, 2014)	'fortunately'	5797
14085	(14082, 755)	'ifornia'	5802
14086	(3578, 274)	' epis'	5806
14087	(396, 532)	'ilies'	5851
14088	(453, 311)	' doll'	5877
14089	(1423, 2992)	'efully'	5938
14090	(459, 1068)	' neigh'	6004
14091	(613, 1441)	'indows'	6011
14092	(14041, 2475)	' challeng'	6067
14093	(763, 263)	' compon'	6113
14094	(1544, 5192)	'林匹'	6151
14095	(382, 532)	'uries'	6157
14096	(14094, 1185)	'林匹克'	6232
14097	(2639, 467)	'useum'	6274
14098	(394, 14035)	'outhern'	6296
14099	(668, 442)	'acters'	6318
14100	(361, 277)	'cean'	6341
14101	(552, 14035)	'orthern'	6343
14102	(306, 2200)	'lebr'	6355
14103	(1730, 609)	'gypt'	6391
14104	(297, 622)	' hous'	6407
14105	(2479, 104)	' veh'	6409
14106	(1826, 396)	'pril'	6421
14107	(673, 512)	' enem'	6424
14108	(111, 634)	'overy'	6506
14109	(288, 865)	' dire'	6620
14110	(733, 319)	' clot'	6725
14111	(361, 3067)	'cember'	6727
14112	(177, 1728)	b'\xb1\xe4\xb9\x90'	6759
14113	(1748, 1075)	'flict'	6777
14114	(648, 144)	'析'	6778
14115	(916, 2282)	'hington'	6804
14116	(1830, 588)	'越来'	6810
14117	(2494, 278)	'iques'	6832
14118	(786, 5007)	' pregn'	6873
14119	(2441, 609)	' Sept'	6885
14120	(443, 1311)	' proced'	6897
14121	(768, 502)	'ipment'	6951
14122	(409, 643)	' Mich'	7004
14123	(984, 3067)	'ovember'	7040
14124	(830, 562)	' incred'	7125
14125	(289, 3955)	' tomor'	7140
14126	(312, 562)	'vered'	7272
14127	(97, 902)	'aign'	7311
14128	(1404, 114)	' instr'	7315
14129	(1464, 785)	'ricult'	7365
14130	(801, 14129)	' agricult'	7481
14131	(120, 105)	'xi'	7483
14132	(46, 101)	'.e'	7513
14133	(306, 426)	'lege'	7531
14134	(2057, 888)	b'\xe7\x9c\xbc\xe7\x9d'	7560
14135	(112, 95)	'p_'	7564
14136	(1113, 2255)	'加拿'	7583
14137	(739, 836)	'ruary'	7592
14138	(3378, 148)	'織'	7594
14139	(2604, 859)	'羅斯'	7622
14140	(4985, 1081)	'rieved'	7750
14141	(344, 1822)	' Tex'	7771
14142	(1109, 302)	'phas'	7785
14143	(991, 258)	' sche'	7801
14144	(548, 267)	' plat'	7811
14145	(280, 690)	'orage'	7830
14146	(2365, 275)	'dden'	7852
14147	(919, 5049)	' coffe'	7881
14148	(776, 598)	' disag'	7998
14149	(4990, 859)	'穆斯'	8036
14150	(297, 451)	' hus'	8061
14151	(468, 150)	'怖'	8127
14152	(14131, 1836)	'xiety'	8230
14153	(3788, 172)	'瞬'	8250
14154	(1863, 172)	'責'	8269
14155	(582, 562)	'fered'	8317
14156	(291, 452)	'arant'	8325
14157	(1863, 160)	'負'	8346
14158	(32, 3636)	' ille'	8373
14159	(395, 336)	'raid'	8419
14160	(401, 1641)	'terday'	8505
14161	(1803, 301)	' polic'	8520
14162	(5255, 6337)	' ridicul'	8530
14163	(283, 1231)	' phen'	8538
14164	(6668, 3284)	'科的其中'	8614
14165	(104, 1000)	'hors'	8615
14166	(278, 1060)	'essel'	8668
14167	(437, 1730)	'ategy'	8688
14168	(2519, 412)	'息在'	8716
14169	(269, 274)	'ouis'	8760
14170	(1459, 1816)	b'\xe5\x9f\xba\xe7\xa1'	8789
14171	(2140, 977)	'未知'	8881
14172	(637, 185)	'苹'	8900
14173	(526, 187)	'逻'	8915
14174	(3566, 280)	' Flor'	8941
14175	(2119, 137)	'築'	8954
14176	(1746, 131)	'垃'	8992
14177	(121, 2370)	'ygen'	9027
14178	(338, 190)	'圾'	9074
14179	(490, 411)	' vul'	9093
14180	(3199, 65)	'ASA'	9114
14181	(353, 2772)	'amental'	9135
14182	(276, 4164)	' budd'	9304
14183	(117, 753)	'uable'	9416
14184	(1117, 191)	'響'	9434
14185	(303, 666)	'ompl'	9438
14186	(260, 1515)	'reland'	9441
14187	(691, 151)	'晗'	9499
14188	(523, 828)	' Face'	9542
14189	(338, 179)	'圳'	9610
14190	(434, 635)	' Pac'	9638
14191	(3107, 2389)	'ognitive'	9688
14192	(903, 263)	' pron'	9719
14193	(540, 1665)	'和人口'	9727
14194	(462, 1088)	'unte'	9760
14195	(2064, 1730)	'nergy'	9792
14196	(720, 130)	'係'	9822
14197	(1293, 609)	' empt'	9827
14198	(3545, 591)	'运动会'	9831
14199	(395, 1485)	'racy'	9846
14200	(411, 467)	'ulum'	9849
14201	(398, 6768)	'ndrome'	9900
14202	(297, 2357)	' hilar'	9907
14203	(522, 3399)	' Emp'	9938
14204	(281, 442)	'ingers'	9945
14205	(7965, 314)	' circumst'	9984
14206	(7052, 439)	' datab'	9992
14207	(2792, 14096)	'奥林匹克'	10006
14208	(274, 274)	'isis'	10058
14209	(1957, 307)	'ashion'	10059
14210	(301, 7284)	'icago'	10062
14211	(14193, 5175)	'和人口皆'	10111
14212	(291, 2555)	'arrow'	10130
14213	(195, 163)	'ã'	10189
14214	(4573, 1658)	'運動會'	10196
14215	(680, 307)	'ansion'	10213
14216	(3716, 14096)	'奧林匹克'	10215
14217	(521, 3779)	'ourney'	10216
14218	(2353, 4130)	' equival'	10239
14219	(632, 161)	'羡'	10254
14220	(357, 172)	'尬'	10261
14221	(3495, 263)	'regon'	10275
14222	(2377, 570)	'ername'	10278
14223	(8227, 1304)	'osystem'	10330
14224	(8368, 2457)	' Virgin'	10339
14225	(303, 857)	'omach'	10492
14226	(715, 5535)	'下轄'	10547
14227	(280, 615)	'orough'	10597
14228	(1976, 7613)	' corresp'	10612
14229	(582, 1035)	'ferent'	10631
14230	(533, 1246)	'ellect'	10647
14231	(2376, 4987)	'ircraft'	10655
14232	(354, 153)	'宙'	10684
14233	(2021, 278)	'comes'	10694
14234	(6011, 5239)	' Academ'	10738
14235	(1165, 1014)	'合物'	10740
14236	(1464, 14200)	'riculum'	10762
14237	(358, 947)	'verty'	10778
14238	(461, 146)	'沒'	10793
14239	(3834, 372)	' Carol'	10802
14240	(5978, 437)	'ocolate'	10837
14241	(118, 3849)	'viet'	10838
14242	(361, 2863)	'celer'	10862
14243	(1523, 174)	'縮'	10921
14244	(257, 432)	' ath'	10923
14245	(5479, 8911)	'rastructure'	10926
14246	(99, 449)	'cest'	10947
14247	(707, 5718)	'izza'	10973
14248	(647, 635)	' Jac'	10975
14249	(508, 941)	'resents'	11002
14250	(435, 99)	' suc'	11007
14251	(6629, 836)	'ibrary'	11021
14252	(2905, 609)	' lapt'	11023
14253	(279, 1164)	' foss'	11029
14254	(357, 180)	'尴'	11033
14255	(122, 396)	'zil'	11062
14256	(1594, 846)	'tenance'	11068
14257	(1949, 129)	'擁'	11070
14258	(115, 1004)	'swe'	11118
14259	(368, 1755)	' Sund'	11129
14260	(66, 78)	'BN'	11133
14261	(1159, 931)	'ificial'	11182
14262	(8223, 171)	'鑫'	11183
14263	(4161, 1900)	'互联'	11197
14264	(1265, 120)	'lix'	11245
14265	(1075, 280)	'ictor'	11268
14266	(926, 162)	'恢'	11320
14267	(404, 662)	'cknow'	11334
14268	(855, 187)	'姻'	11346
14269	(330, 403)	'ether'	11356
14270	(308, 323)	' gent'	11363
14271	(842, 162)	'畢'	11381
14272	(419, 1333)	' convent'	11430
14273	(309, 2359)	' nerv'	11458
14274	(439, 2598)	'abeth'	11513
14275	(5076, 449)	' lifest'	11580
14276	(2594, 187)	'輻'	11600
14277	(268, 2911)	' www'	11661
14278	(694, 263)	'oston'	11665
14279	(300, 1549)	' laz'	11672
14280	(759, 155)	'矛'	11754
14281	(1003, 3691)	'特朗'	11791
14282	(8338, 108)	'allel'	11795
14283	(764, 1189)	'那州'	11810
14284	(3291, 2662)	'levision'	11833
14285	(593, 109)	'’m'	11834
14286	(812, 451)	' unus'	11841
14287	(3319, 116)	' volt'	11854
14288	(1101, 4481)	'利桑'	11866
14289	(572, 467)	'cium'	11882
14290	(651, 14230)	' intellect'	11891
14291	(117, 594)	'uine'	11967
14292	(3853, 513)	'gressive'	12034
14293	(1000, 278)	'orses'	12041
14294	(336, 343)	'iday'	12078
14295	(3839, 498)	'aptain'	12125
14296	(280, 376)	'orith'	12185
14297	(334, 1042)	'rovers'	12207
14298	(510, 150)	'咖'	12210
14299	(256, 639)	' tong'	12238
14300	(513, 562)	'ivered'	12243
14301	(14258, 562)	'swered'	12250
14302	(278, 519)	'esity'	12278
14303	(14015, 1324)	'vironments'	12419
14304	(84, 4544)	'Tube'	12438
14305	(2253, 768)	'ikip'	12540
14306	(2352, 4707)	' Zeal'	12616
14307	(1057, 9179)	'无忌'	12657
14308	(669, 2185)	'可达'	12690
14309	(511, 152)	'臘'	12695
14310	(2987, 7539)	'鱼纲'	12746
14311	(5065, 9692)	'魚綱'	12747
14312	(313, 3399)	'lymp'	12753
14313	(259, 431)	"in't"	12756
14314	(9541, 512)	'usalem'	12804
14315	(405, 1105)	'oples'	12821
14316	(669, 3579)	'可達'	12912
14317	(14276, 9132)	'輻鰭'	12939
14318	(10008, 8969)	'辐鳍'	12945
14319	(14317, 14311)	'輻鰭魚綱'	12999
14320	(14318, 14310)	'辐鳍鱼纲'	13006
14321	(4045, 401)	'olester'	13120
14322	(2478, 433)	'haust'	13203
14323	(480, 14320)	'为辐鳍鱼纲'	13270
14324	(1048, 1113)	'新加'	13407
14325	(107, 1609)	'kward'	13455
14326	(1193, 1053)	'体长'	13493
14327	(2643, 2354)	'體長'	13514
14328	(674, 161)	'啡'	13588
14329	(720, 14112)	'俱乐'	13711
14330	(1529, 97)	' sla'	13765
14331	(790, 2145)	'西哥'	13823
14332	(2685, 4830)	'土耳'	13828
14333	(1162, 5462)	'该地的'	14105
14334	(2562, 5462)	'該地的'	14114
