8000	(131, 189)	b'\x83\xbd'	424
8001	(304, 39)	" I'"	629
8002	(321, 99)	' bec'	811
8003	(288, 384)	' dif'	1035
8004	(468, 142)	'怎'	1039
8005	(73, 39)	"I'"	1162
8006	(8003, 582)	' diffe'	1219
8007	(830, 1256)	' includ'	1406
8008	(561, 291)	' lear'	1668
8009	(366, 1627)	' Americ'	1759
8010	(300, 291)	' lar'	1767
8011	(305, 139)	'朋'	1849
8012	(308, 595)	' giv'	1887
8013	(830, 260)	' incre'	1892
8014	(393, 101)	' wee'	1899
8015	(268, 303)	' wom'	1972
8016	(370, 263)	'iron'	2031
8017	(847, 269)	' grou'	2039
8018	(1238, 121)	'ready'	2041
8019	(306, 808)	'lease'	2047
8020	(297, 460)	' hist'	2141
8021	(264, 572)	' sci'	2201
8022	(516, 913)	' chang'	2268
8023	(233, 142)	b'\xe9\x8e'	2329
8024	(318, 121)	' ey'	2488
8025	(776, 101)	' dise'	2502
8026	(490, 602)	' vide'	2540
8027	(415, 356)	' orig'	2589
8028	(1848, 1033)	' avail'	2691
8029	(1446, 449)	'ggest'	2756
8030	(95, 95)	'__'	2761
8031	(297, 356)	' hig'	2768
8032	(2298, 1094)	'ividual'	2790
8033	(655, 572)	'soci'	2809
8034	(421, 358)	' sever'	2905
8035	(289, 116)	' tot'	2910
8036	(283, 1073)	' pict'	2928
8037	(289, 1375)	' toget'	2963
8038	(346, 607)	'uture'	2988
8039	(419, 839)	' conne'	3011
8040	(1164, 121)	'ully'	3015
8041	(109, 797)	'mber'	3092
8042	(583, 172)	'括'	3105
8043	(1920, 2373)	'人民共和'	3121
8044	(1303, 800)	'ecause'	3190
8045	(239, 189)	b'\xef\xbd'	3237
8046	(324, 758)	'是法'	3276
8047	(557, 181)	'呵'	3328
8048	(596, 149)	'毕'	3345
8049	(8021, 323)	' scient'	3411
8050	(727, 431)	"ven't"	3438
8051	(118, 1842)	'vices'	3467
8052	(1188, 356)	' relig'	3537
8053	(524, 1232)	' Germ'	3646
8054	(283, 590)	' pie'	3700
8055	(572, 1832)	'ciety'	3718
8056	(3276, 110)	' _n'	3722
8057	(700, 635)	' teac'	3750
8058	(403, 110)	'hern'	3802
8059	(2203, 853)	' behav'	3837
8060	(723, 277)	'apan'	3900
8061	(474, 2025)	' memb'	3904
8062	(602, 562)	'idered'	3934
8063	(288, 739)	' dru'	3937
8064	(909, 1357)	' applic'	3946
8065	(233, 144)	b'\xe9\x90'	3952
8066	(2271, 439)	' estab'	3996
8067	(112, 313)	'ply'	4004
8068	(360, 590)	'chie'	4015
8069	(516, 549)	' chall'	4021
8070	(843, 1128)	' Intern'	4028
8071	(2488, 1462)	' Afric'	4043
8072	(3707, 2514)	'mptoms'	4164
8073	(382, 360)	'urch'	4166
8074	(583, 169)	'择'	4197
8075	(263, 335)	'onse'	4214
8076	(256, 291)	' tar'	4231
8077	(273, 433)	' cust'	4313
8078	(2399, 1095)	'密度'	4501
8079	(1201, 336)	'upid'	4526
8080	(1355, 118)	' obv'	4537
8081	(3626, 286)	'ournal'	4572
8082	(2920, 768)	' multip'	4667
8083	(260, 572)	'reci'	4722
8084	(395, 533)	'rael'	4760
8085	(448, 303)	'andom'	4831
8086	(1682, 161)	'葡'	4855
8087	(880, 103)	'reng'	4857
8088	(8043, 504)	'人民共和国'	4881
8089	(763, 277)	' compan'	4926
8090	(108, 95)	'l_'	4928
8091	(802, 102)	' saf'	4930
8092	(614, 153)	'浙'	4966
8093	(435, 109)	' sum'	4974
8094	(1067, 132)	'萄'	5010
8095	(8086, 8094)	'葡萄'	5022
8096	(102, 2728)	'fortun'	5094
8097	(1752, 562)	'undred'	5128
8098	(1458, 1263)	' earli'	5138
8099	(1749, 450)	'ropri'	5151
8100	(2646, 68)	'ORD'	5244
8101	(500, 185)	'匹'	5264
8102	(334, 121)	'roy'	5268
8103	(8043, 742)	'人民共和國'	5277
8104	(2466, 432)	'ength'	5302
8105	(422, 135)	'织'	5336
8106	(422, 156)	'络'	5431
8107	(121, 905)	'yond'	5435
8108	(99, 1789)	'coh'	5548
8109	(1317, 144)	'荐'	5600
8110	(790, 2360)	'西班'	5604
8111	(273, 270)	' cit'	5610
8112	(1605, 101)	'inese'	5614
8113	(3373, 1593)	'stitute'	5632
8114	(117, 4382)	'ufact'	5636
8115	(384, 1636)	'iforn'	5659
8116	(2425, 263)	' demon'	5746
8117	(647, 117)	' Ju'	5752
8118	(277, 1235)	'ancial'	5769
8119	(393, 108)	' wel'	5780
8120	(8115, 755)	'ifornia'	5802
8121	(1942, 859)	'罗斯'	5829
8122	(833, 99)	'duc'	5850
8123	(396, 532)	'ilies'	5851
8124	(363, 739)	' stru'	5910
8125	(8108, 372)	'cohol'	5970
8126	(783, 147)	'谓'	5983
8127	(8099, 437)	'ropriate'	5990
8128	(114, 610)	'round'	5993
8129	(3274, 452)	'levant'	6010
8130	(433, 498)	'ustain'	6118
8131	(928, 130)	'漂'	6128
8132	(112, 336)	'pid'	6134
8133	(1542, 8101)	'林匹'	6151
8134	(385, 3265)	'有限'	6152
8135	(457, 1012)	' commer'	6163
8136	(1263, 287)	'lied'	6170
8137	(366, 1974)	' Aug'	6181
8138	(275, 426)	'enge'	6182
8139	(2895, 119)	'www'	6195
8140	(2585, 452)	' advant'	6246
8141	(65, 102)	'Af'	6252
8142	(276, 2243)	' bacter'	6254
8143	(815, 145)	'筑'	6261
8144	(396, 485)	'ilos'	6284
8145	(905, 263)	'ondon'	6300
8146	(668, 442)	'acters'	6318
8147	(336, 1982)	'idering'	6334
8148	(1218, 145)	'虑'	6349
8149	(306, 2192)	'lebr'	6355
8150	(258, 314)	'hest'	6377
8151	(1727, 609)	'gypt'	6391
8152	(80, 101)	'Pe'	6416
8153	(1822, 396)	'pril'	6421
8154	(383, 189)	'徽'	6455
8155	(599, 329)	' Oct'	6458
8156	(5325, 278)	'abetes'	6508
8157	(8111, 707)	' citiz'	6518
8158	(112, 2066)	'pret'	6524
8159	(522, 8122)	' Educ'	6603
8160	(288, 865)	' dire'	6620
8161	(2702, 287)	' freed'	6624
8162	(39, 109)	"'m"	6651
8163	(361, 8041)	'cember'	6727
8164	(1745, 1073)	'flict'	6777
8165	(648, 144)	'析'	6778
8166	(458, 109)	' atm'	6784
8167	(916, 2274)	'hington'	6804
8168	(1826, 588)	'越来'	6810
8169	(2485, 278)	'iques'	6832
8170	(1052, 2025)	' symb'	6853
8171	(2433, 609)	' Sept'	6885
8172	(401, 109)	'term'	6894
8173	(4469, 323)	'cellent'	6900
8174	(1162, 1271)	'ossible'	6913
8175	(768, 502)	'ipment'	6951
8176	(306, 99)	'lec'	6995
8177	(506, 137)	'厉'	7010
8178	(984, 8041)	'ovember'	7040
8179	(289, 3929)	' tomor'	7140
8180	(312, 562)	'vered'	7272
8181	(97, 902)	'aign'	7311
8182	(1462, 785)	'ricult'	7365
8183	(2049, 888)	b'\xe7\x9c\xbc\xe7\x9d'	7560
8184	(112, 95)	'p_'	7564
8185	(1111, 2247)	'加拿'	7583
8186	(3359, 148)	'織'	7594
8187	(2357, 275)	'dden'	7852
8188	(919, 5020)	' coffe'	7881
