8000	(131, 189)	b'\x83\xbd'	424
8001	(304, 39)	" I'"	629
8002	(321, 99)	' bec'	811
8003	(73, 39)	"I'"	1162
8004	(1032, 582)	' diffe'	1219
8005	(830, 1258)	' includ'	1406
8006	(366, 1629)	' Americ'	1759
8007	(305, 139)	'朋'	1849
8008	(308, 595)	' giv'	1887
8009	(830, 260)	' incre'	1892
8010	(393, 101)	' wee'	1899
8011	(268, 303)	' wom'	1972
8012	(370, 263)	'iron'	2031
8013	(847, 269)	' grou'	2039
8014	(306, 808)	'lease'	2047
8015	(516, 913)	' chang'	2268
8016	(776, 101)	' dise'	2502
8017	(490, 602)	' vide'	2540
8018	(1448, 449)	'ggest'	2756
8019	(297, 356)	' hig'	2768
8020	(289, 1377)	' toget'	2963
8021	(419, 839)	' conne'	3011
8022	(109, 797)	'mber'	3092
8023	(583, 172)	'括'	3105
8024	(1924, 2381)	'人民共和'	3121
8025	(1305, 800)	'ecause'	3190
8026	(239, 189)	b'\xef\xbd'	3237
8027	(324, 758)	'是法'	3276
8028	(118, 1846)	'vices'	3467
8029	(572, 1836)	'ciety'	3718
8030	(3295, 110)	' _n'	3722
8031	(403, 110)	'hern'	3802
8032	(2210, 853)	' behav'	3837
8033	(602, 562)	'idered'	3934
8034	(288, 739)	' dru'	3937
8035	(2278, 439)	' estab'	3996
8036	(516, 549)	' chall'	4021
8037	(843, 1130)	' Intern'	4028
8038	(2497, 1464)	' Afric'	4043
8039	(2407, 1097)	'密度'	4501
8040	(1357, 118)	' obv'	4537
8041	(3651, 286)	'ournal'	4572
8042	(1685, 161)	'葡'	4855
8043	(880, 103)	'reng'	4857
8044	(8024, 504)	'人民共和国'	4881
8045	(108, 95)	'l_'	4928
8046	(1069, 132)	'萄'	5010
8047	(1755, 562)	'undred'	5128
8048	(8024, 742)	'人民共和國'	5277
8049	(422, 156)	'络'	5431
8050	(99, 1793)	'coh'	5548
8051	(1319, 144)	'荐'	5600
8052	(790, 2368)	'西班'	5604
8053	(117, 4421)	'ufact'	5636
8054	(384, 1638)	'iforn'	5659
8055	(8054, 755)	'ifornia'	5802
8056	(396, 532)	'ilies'	5851
8057	(1544, 5216)	'林匹'	6151
8058	(905, 263)	'ondon'	6300
8059	(668, 442)	'acters'	6318
8060	(306, 2199)	'lebr'	6355
8061	(1730, 609)	'gypt'	6391
8062	(1826, 396)	'pril'	6421
8063	(288, 865)	' dire'	6620
8064	(2713, 287)	' freed'	6624
8065	(361, 8022)	'cember'	6727
8066	(1748, 1075)	'flict'	6777
8067	(648, 144)	'析'	6778
8068	(916, 2281)	'hington'	6804
8069	(1830, 588)	'越来'	6810
8070	(2494, 278)	'iques'	6832
8071	(2441, 609)	' Sept'	6885
8072	(768, 502)	'ipment'	6951
8073	(506, 137)	'厉'	7010
8074	(984, 8022)	'ovember'	7040
8075	(289, 3960)	' tomor'	7140
8076	(312, 562)	'vered'	7272
8077	(1464, 785)	'ricult'	7365
8078	(2054, 888)	b'\xe7\x9c\xbc\xe7\x9d'	7560
8079	(112, 95)	'p_'	7564
8080	(1113, 2254)	'加拿'	7583
8081	(3380, 148)	'織'	7594
8082	(2365, 275)	'dden'	7852
8083	(919, 5070)	' coffe'	7881
