8000	(131, 189)	b'\x83\xbd'	424
8001	(304, 39)	" I'"	629
8002	(321, 99)	' bec'	811
8003	(468, 142)	'怎'	1039
8004	(73, 39)	"I'"	1162
8005	(1032, 582)	' diffe'	1219
8006	(830, 1257)	' includ'	1406
8007	(561, 291)	' lear'	1668
8008	(366, 1628)	' Americ'	1759
8009	(305, 139)	'朋'	1849
8010	(308, 595)	' giv'	1887
8011	(830, 260)	' incre'	1892
8012	(393, 101)	' wee'	1899
8013	(268, 303)	' wom'	1972
8014	(370, 263)	'iron'	2031
8015	(847, 269)	' grou'	2039
8016	(306, 808)	'lease'	2047
8017	(297, 460)	' hist'	2141
8018	(516, 913)	' chang'	2268
8019	(776, 101)	' dise'	2502
8020	(490, 602)	' vide'	2540
8021	(1447, 449)	'ggest'	2756
8022	(297, 356)	' hig'	2768
8023	(421, 358)	' sever'	2905
8024	(289, 116)	' tot'	2910
8025	(283, 1074)	' pict'	2928
8026	(289, 1376)	' toget'	2963
8027	(419, 839)	' conne'	3011
8028	(1165, 121)	'ully'	3015
8029	(109, 797)	'mber'	3092
8030	(583, 172)	'括'	3105
8031	(1922, 2378)	'人民共和'	3121
8032	(1304, 800)	'ecause'	3190
8033	(239, 189)	b'\xef\xbd'	3237
8034	(324, 758)	'是法'	3276
8035	(557, 181)	'呵'	3328
8036	(118, 1844)	'vices'	3467
8037	(283, 590)	' pie'	3700
8038	(572, 1834)	'ciety'	3718
8039	(3288, 110)	' _n'	3722
8040	(700, 635)	' teac'	3750
8041	(403, 110)	'hern'	3802
8042	(2207, 853)	' behav'	3837
8043	(602, 562)	'idered'	3934
8044	(288, 739)	' dru'	3937
8045	(2275, 439)	' estab'	3996
8046	(516, 549)	' chall'	4021
8047	(843, 1129)	' Intern'	4028
8048	(2494, 1463)	' Afric'	4043
8049	(583, 169)	'择'	4197
8050	(263, 335)	'onse'	4214
8051	(2404, 1096)	'密度'	4501
8052	(1202, 336)	'upid'	4526
8053	(1356, 118)	' obv'	4537
8054	(3643, 286)	'ournal'	4572
8055	(2931, 768)	' multip'	4667
8056	(395, 533)	'rael'	4760
8057	(448, 303)	'andom'	4831
8058	(1683, 161)	'葡'	4855
8059	(880, 103)	'reng'	4857
8060	(8031, 504)	'人民共和国'	4881
8061	(108, 95)	'l_'	4928
8062	(802, 102)	' saf'	4930
8063	(614, 153)	'浙'	4966
8064	(1068, 132)	'萄'	5010
8065	(8058, 8064)	'葡萄'	5022
8066	(1753, 562)	'undred'	5128
8067	(2653, 68)	'ORD'	5244
8068	(8031, 742)	'人民共和國'	5277
8069	(422, 135)	'织'	5336
8070	(422, 156)	'络'	5431
8071	(121, 905)	'yond'	5435
8072	(99, 1791)	'coh'	5548
8073	(1318, 144)	'荐'	5600
8074	(790, 2365)	'西班'	5604
8075	(1606, 101)	'inese'	5614
8076	(117, 4409)	'ufact'	5636
8077	(384, 1637)	'iforn'	5659
8078	(393, 108)	' wel'	5780
8079	(8077, 755)	'ifornia'	5802
8080	(1944, 859)	'罗斯'	5829
8081	(833, 99)	'duc'	5850
8082	(396, 532)	'ilies'	5851
8083	(8072, 372)	'cohol'	5970
8084	(783, 147)	'谓'	5983
8085	(5084, 437)	'ropriate'	5990
8086	(928, 130)	'漂'	6128
8087	(1543, 5196)	'林匹'	6151
8088	(457, 1012)	' commer'	6163
8089	(366, 1976)	' Aug'	6181
8090	(2906, 119)	'www'	6195
8091	(65, 102)	'Af'	6252
8092	(815, 145)	'筑'	6261
8093	(905, 263)	'ondon'	6300
8094	(668, 442)	'acters'	6318
8095	(306, 2196)	'lebr'	6355
8096	(1728, 609)	'gypt'	6391
8097	(1824, 396)	'pril'	6421
8098	(599, 329)	' Oct'	6458
8099	(5361, 278)	'abetes'	6508
8100	(112, 2069)	'pret'	6524
8101	(522, 8081)	' Educ'	6603
8102	(288, 865)	' dire'	6620
8103	(2710, 287)	' freed'	6624
8104	(39, 109)	"'m"	6651
8105	(361, 8029)	'cember'	6727
8106	(1746, 1074)	'flict'	6777
8107	(648, 144)	'析'	6778
8108	(458, 109)	' atm'	6784
8109	(916, 2278)	'hington'	6804
8110	(1828, 588)	'越来'	6810
8111	(2491, 278)	'iques'	6832
8112	(1053, 2028)	' symb'	6853
8113	(2438, 609)	' Sept'	6885
8114	(401, 109)	'term'	6894
8115	(4496, 323)	'cellent'	6900
8116	(1163, 1272)	'ossible'	6913
8117	(768, 502)	'ipment'	6951
8118	(306, 99)	'lec'	6995
8119	(506, 137)	'厉'	7010
8120	(984, 8029)	'ovember'	7040
8121	(289, 3950)	' tomor'	7140
8122	(312, 562)	'vered'	7272
8123	(97, 902)	'aign'	7311
8124	(1463, 785)	'ricult'	7365
8125	(2052, 888)	b'\xe7\x9c\xbc\xe7\x9d'	7560
8126	(112, 95)	'p_'	7564
8127	(1112, 2251)	'加拿'	7583
8128	(3372, 148)	'織'	7594
8129	(2362, 275)	'dden'	7852
8130	(919, 5051)	' coffe'	7881
