10000	(131, 189)	b'\x83\xbd'	411
10001	(231, 174)	b'\xe7\xae'	781
10002	(318, 39)	" I'"	803
10003	(466, 654)	' 201'	893
10004	(231, 177)	b'\xe7\xb1'	954
10005	(73, 39)	"I'"	1547
10006	(1011, 1519)	' includ'	1693
10007	(268, 310)	' wom'	2218
10008	(316, 774)	' giv'	2506
10009	(559, 1512)	' proble'	2512
10010	(546, 734)	' vide'	2575
10011	(1159, 141)	'্'	2637
10012	(264, 2045)	' syst'	2951
10013	(141, 606)	b'\x8d\xe0\xaa'	3017
10014	(1610, 809)	'uesday'	3103
10015	(2468, 809)	'nesday'	3355
10016	(305, 609)	' lear'	3554
10017	(297, 617)	' hist'	3575
10018	(297, 369)	' hig'	3826
10019	(292, 2177)	' toget'	3828
10020	(511, 382)	' sever'	3933
10021	(2503, 485)	'uggest'	4206
10022	(400, 831)	'大利'	4267
10023	(1269, 128)	'础'	4453
10024	(2574, 635)	' opport'	4528
10025	(2799, 353)	' charac'	4551
10026	(233, 177)	b'\xe9\xb1'	4636
10027	(596, 621)	' chall'	4674
10028	(2836, 809)	'ursday'	4690
10029	(2420, 418)	'ouncil'	4808
10030	(2510, 104)	' veh'	4826
10031	(4183, 1793)	'ashington'	4894
10032	(235, 138)	b'\xeb\x8a'	4946
10033	(1095, 177)	'ੱ'	5105
10034	(520, 1847)	'来越'	5173
10035	(118, 383)	'vir'	5296
10036	(3890, 2164)	' Afric'	5387
10037	(1633, 138)	'腊'	5443
10038	(306, 179)	'圳'	5471
10039	(2616, 1249)	'istrict'	5527
10040	(10035, 265)	'viron'	5606
10041	(185, 163)	b'\xb9\xa3'	5614
10042	(265, 379)	'onse'	5650
10043	(2232, 1955)	' signific'	5670
10044	(5195, 101)	'ittee'	5768
10045	(1092, 265)	'ondon'	5773
10046	(1954, 3262)	'bruary'	5822
10047	(2284, 738)	'ornia'	5861
10048	(1076, 2807)	'西班'	6004
10049	(1034, 727)	'色球'	6106
10050	(863, 162)	'恢'	6482
10051	(110, 3020)	'noon'	6511
10052	(100, 320)	'dle'	6610
10053	(473, 326)	'upid'	6690
10054	(422, 161)	'贡'	6919
10055	(137, 180)	b'\x89\xb4'	6939
10056	(297, 423)	' hus'	7148
10057	(734, 728)	'idered'	7161
10058	(761, 2127)	'加拿'	7182
10059	(98, 499)	'bum'	7223
10060	(109, 896)	'mber'	7287
10061	(4389, 121)	'razy'	7300
10062	(705, 103)	'reng'	7331
10063	(418, 671)	'ilies'	7404
10064	(3074, 10022)	'澳大利'	7442
10065	(337, 170)	'绪'	7473
10066	(1081, 10060)	'ovember'	7516
10067	(980, 3181)	'意味'	7637
10068	(2465, 728)	'undred'	7690
10069	(121, 1092)	'yond'	7807
10070	(411, 809)	'terday'	7897
10071	(1090, 99)	'merc'	7936
10072	(4045, 276)	' Flor'	8049
10073	(308, 6433)	'icago'	8117
10074	(443, 168)	'咨'	8144
10075	(805, 133)	'墅'	8168
10076	(10071, 839)	'mercial'	8226
10077	(1010, 7428)	' Virgin'	8421
10078	(505, 310)	'andom'	8441
10079	(411, 109)	'term'	8452
10080	(1067, 6078)	'水扁'	8645
10081	(375, 1684)	'unities'	8696
10082	(1010, 1371)	' Veg'	8734
10083	(3994, 1410)	'ermany'	8780
10084	(2919, 604)	' advant'	8783
10085	(233, 142)	b'\xe9\x8e'	8825
10086	(1149, 155)	' છ'	8889
10087	(528, 287)	'uled'	8929
10088	(1341, 281)	' cris'	8978
10089	(331, 7279)	'lymp'	8996
10090	(260, 136)	'丈'	8998
10091	(705, 479)	"ren't"	9035
10092	(683, 168)	'妨'	9060
10093	(642, 265)	'oston'	9201
10094	(2221, 161)	'葡'	9232
10095	(418, 997)	'ilty'	9641
10096	(68, 4230)	'DII'	9696
10097	(492, 2338)	'家宝'	9787
10098	(1033, 132)	'萄'	9876
10099	(1493, 1102)	'传感'	9943
10100	(1397, 587)	'季后'	9997
