10000	(131, 189)	b'\x83\xbd'	411
10001	(231, 164)	b'\xe7\xa4'	726
10002	(32, 225)	b' \xe1'	736
10003	(231, 174)	b'\xe7\xae'	781
10004	(318, 39)	" I'"	803
10005	(466, 654)	' 201'	893
10006	(489, 320)	'ople'	905
10007	(265, 479)	"on't"	910
10008	(231, 177)	b'\xe7\xb1'	954
10009	(232, 165)	b'\xe8\xa5'	1067
10010	(403, 177)	'己'	1216
10011	(73, 39)	"I'"	1547
10012	(264, 1451)	' somet'	1647
10013	(1007, 1513)	' includ'	1693
10014	(291, 446)	' dif'	1728
10015	(10014, 1186)	' diffe'	2064
10016	(231, 147)	b'\xe7\x93'	2191
10017	(268, 310)	' wom'	2218
10018	(1198, 279)	'ween'	2243
10019	(355, 115)	' iss'	2255
10020	(1712, 121)	'ready'	2444
10021	(316, 772)	' giv'	2506
10022	(559, 1506)	' proble'	2512
10023	(476, 172)	'括'	2555
10024	(820, 101)	' inte'	2560
10025	(546, 733)	' vide'	2575
10026	(1154, 141)	'্'	2637
10027	(290, 139)	'朋'	2915
10028	(264, 2037)	' syst'	2951
10029	(141, 606)	b'\x8d\xe0\xaa'	3017
10030	(1604, 807)	'uesday'	3103
10031	(45, 1235)	'-old'	3144
10032	(777, 620)	'平方'	3198
10033	(337, 141)	'绍'	3220
10034	(470, 287)	' Wed'	3259
10035	(117, 1066)	'uary'	3277
10036	(1155, 308)	' partic'	3304
10037	(2455, 807)	'nesday'	3355
10038	(103, 258)	'gin'	3392
10039	(1270, 144)	'荐'	3431
10040	(577, 145)	'筑'	3471
10041	(580, 190)	'ா'	3481
10042	(292, 116)	' tot'	3482
10043	(333, 379)	' rese'	3502
10044	(282, 996)	' fav'	3518
10045	(496, 1972)	' Russ'	3537
10046	(305, 609)	' lear'	3554
10047	(297, 617)	' hist'	3575
10048	(546, 1243)	' vict'	3598
10049	(291, 273)	' dou'	3637
10050	(2441, 1027)	' avail'	3714
10051	(218, 186)	'ں'	3743
10052	(277, 279)	' ben'	3783
10053	(2615, 807)	'aturday'	3797
10054	(1781, 418)	'pril'	3802
10055	(297, 369)	' hig'	3826
10056	(292, 2168)	' toget'	3828
10057	(337, 156)	'络'	3857
10058	(511, 382)	' sever'	3933
10059	(278, 1569)	' coup'	4002
10060	(101, 682)	'eks'	4013
10061	(284, 1243)	' pict'	4094
10062	(97, 1096)	'aign'	4143
10063	(72, 84)	'HT'	4156
10064	(2490, 485)	'uggest'	4206
10065	(952, 3563)	'acebook'	4214
10066	(400, 829)	'大利'	4267
10067	(105, 719)	'iod'	4297
10068	(274, 671)	'anies'	4298
10069	(1263, 128)	'础'	4453
10070	(858, 479)	"ven't"	4464
10071	(2559, 635)	' opport'	4528
10072	(231, 184)	b'\xe7\xb8'	4545
10073	(2784, 353)	' charac'	4551
10074	(233, 177)	b'\xe9\xb1'	4636
10075	(320, 1946)	'lebr'	4659
10076	(2162, 383)	' confir'	4660
10077	(344, 170)	'努'	4669
10078	(596, 621)	' chall'	4674
10079	(2821, 807)	'ursday'	4690
10080	(402, 1094)	'ecause'	4780
10081	(1697, 275)	' Brit'	4788
10082	(2408, 418)	'ouncil'	4808
10083	(2497, 104)	' veh'	4826
10084	(4140, 1785)	'ashington'	4894
10085	(175, 566)	b'\xaf\xe0\xa6'	4930
10086	(235, 138)	b'\xeb\x8a'	4946
10087	(705, 527)	'rents'	5002
10088	(421, 2850)	' webs'	5097
10089	(1090, 177)	'ੱ'	5105
10090	(95, 95)	'__'	5162
10091	(520, 1839)	'来越'	5173
10092	(2264, 105)	'medi'	5184
10093	(275, 1255)	'itte'	5230
10094	(308, 1288)	'icult'	5275
10095	(118, 383)	'vir'	5296
10096	(3852, 2155)	' Afric'	5387
10097	(80, 603)	'Part'	5422
10098	(1627, 138)	'腊'	5443
10099	(4049, 446)	' Calif'	5444
10100	(306, 179)	'圳'	5471
10101	(2601, 1243)	'istrict'	5527
10102	(10095, 265)	'viron'	5606
10103	(185, 163)	b'\xb9\xa3'	5614
10104	(103, 485)	'gest'	5648
10105	(265, 379)	'onse'	5650
10106	(2222, 1947)	' signific'	5670
10107	(278, 505)	' cand'	5752
10108	(10093, 101)	'ittee'	5768
10109	(1087, 265)	'ondon'	5773
10110	(965, 110)	'ogn'	5800
10111	(1946, 10035)	'bruary'	5822
10112	(533, 102)	' saf'	5859
10113	(2272, 736)	'ornia'	5861
10114	(10102, 643)	'vironment'	5960
10115	(1071, 2792)	'西班'	6004
10116	(1030, 726)	'色球'	6106
10117	(899, 267)	' ener'	6113
10118	(799, 320)	'iple'	6141
10119	(286, 1396)	' mater'	6162
10120	(519, 382)	'atever'	6421
10121	(1196, 3283)	'联储'	6464
10122	(861, 162)	'恢'	6482
10123	(110, 3004)	'noon'	6511
10124	(4717, 321)	'underst'	6548
10125	(263, 4224)	'reci'	6567
10126	(100, 320)	'dle'	6610
10127	(625, 160)	'渠'	6611
10128	(4637, 912)	'ufact'	6631
10129	(473, 326)	'upid'	6690
10130	(446, 528)	'iful'	6693
10131	(275, 934)	'itiz'	6753
10132	(419, 1118)	'国务'	6770
10133	(1572, 3894)	' daugh'	6778
10134	(487, 153)	'浙'	6791
10135	(356, 2241)	' Tex'	6869
10136	(422, 161)	'贡'	6919
10137	(137, 180)	b'\x89\xb4'	6939
10138	(864, 369)	'ellig'	6945
10139	(572, 175)	'惯'	6966
10140	(780, 526)	'rael'	6968
10141	(1499, 138)	'殊'	7041
10142	(2467, 101)	'inese'	7046
10143	(611, 271)	' plat'	7047
10144	(297, 423)	' hus'	7148
10145	(733, 727)	'idered'	7161
10146	(759, 2118)	'加拿'	7182
10147	(279, 728)	'enge'	7192
10148	(2016, 293)	'eneral'	7201
10149	(98, 499)	'bum'	7223
10150	(2801, 348)	' Canad'	7251
10151	(303, 848)	' thous'	7257
10152	(109, 894)	'mber'	7287
10153	(4343, 121)	'razy'	7300
10154	(705, 103)	'reng'	7331
10155	(109, 112)	'mp'	7342
10156	(235, 161)	b'\xeb\xa1'	7370
10157	(292, 109)	' tom'	7379
10158	(740, 4677)	'uclear'	7382
10159	(418, 671)	'ilies'	7404
10160	(3058, 10066)	'澳大利'	7442
10161	(644, 157)	'曝'	7459
10162	(337, 170)	'绪'	7473
10163	(1421, 265)	'azon'	7488
10164	(383, 10038)	'irgin'	7494
10165	(1076, 10152)	'ovember'	7516
10166	(398, 671)	'uries'	7544
10167	(609, 431)	'earch'	7582
10168	(632, 2820)	' traff'	7604
10169	(4158, 375)	'fortun'	7618
10170	(259, 321)	'hest'	7623
10171	(976, 3164)	'意味'	7637
10172	(2452, 727)	'undred'	7690
10173	(1335, 373)	' crim'	7692
10174	(105, 3127)	'iety'	7707
10175	(80, 450)	'Pol'	7728
10176	(107, 332)	'ket'	7746
10177	(268, 275)	' wit'	7797
10178	(121, 1087)	'yond'	7807
10179	(569, 159)	'沟'	7890
10180	(10002, 186)	b' \xe1\xba'	7892
10181	(411, 807)	'terday'	7897
10182	(299, 132)	'兄'	7907
10183	(2061, 728)	'ledge'	7926
10184	(1085, 99)	'merc'	7936
10185	(3762, 3500)	'ournament'	8010
10186	(4005, 276)	' Flor'	8049
10187	(531, 273)	' Lou'	8078
10188	(308, 6361)	'icago'	8117
10189	(480, 1862)	'rief'	8136
10190	(443, 168)	'咨'	8144
10191	(1771, 375)	' laun'	8148
10192	(415, 150)	'抖'	8150
10193	(803, 133)	'墅'	8168
10194	(310, 301)	'omas'	8199
10195	(1858, 145)	'撑'	8209
10196	(10184, 837)	'mercial'	8226
10197	(104, 2353)	'htt'	8259
10198	(2884, 104)	' meth'	8274
10199	(5696, 6509)	'光学变焦'	8293
10200	(233, 172)	b'\xe9\xac'	8295
10201	(1922, 1336)	' Franc'	8303
10202	(330, 105)	'oti'	8360
10203	(80, 101)	'Pe'	8373
10204	(305, 6373)	' langu'	8401
10205	(265, 3014)	'onstr'	8404
10206	(1006, 10164)	' Virgin'	8421
10207	(505, 310)	'andom'	8441
10208	(411, 109)	'term'	8452
10209	(1445, 111)	'onto'	8493
10210	(1062, 6010)	'水扁'	8645
10211	(2475, 267)	' deter'	8690
10212	(375, 1677)	'unities'	8696
10213	(1006, 1365)	' Veg'	8734
10214	(395, 142)	'赎'	8770
10215	(458, 6061)	'agram'	8776
10216	(3954, 1404)	'ermany'	8780
10217	(2903, 604)	' advant'	8783
10218	(233, 142)	b'\xe9\x8e'	8825
10219	(2835, 10176)	' basket'	8830
10220	(1144, 155)	' છ'	8889
10221	(528, 287)	'uled'	8929
10222	(1335, 281)	' cris'	8978
10223	(331, 10155)	'lymp'	8996
10224	(260, 136)	'丈'	8998
10225	(705, 479)	"ren't"	9035
10226	(683, 168)	'妨'	9060
10227	(642, 265)	'oston'	9201
10228	(2211, 161)	'葡'	9232
10229	(737, 176)	'晰'	9399
10230	(614, 1543)	'经销'	9479
10231	(418, 993)	'ilty'	9641
10232	(68, 4186)	'DII'	9696
10233	(492, 2326)	'家宝'	9787
10234	(6394, 419)	'人民共和国'	9810
10235	(1029, 132)	'萄'	9876
10236	(1487, 1097)	'传感'	9943
10237	(1391, 587)	'季后'	9997
