10000	(131, 189)	b'\x83\xbd'	411
10001	(231, 174)	b'\xe7\xae'	781
10002	(318, 39)	" I'"	803
10003	(466, 654)	' 201'	893
10004	(489, 320)	'ople'	905
10005	(231, 177)	b'\xe7\xb1'	954
10006	(73, 39)	"I'"	1547
10007	(1010, 1518)	' includ'	1693
10008	(291, 446)	' dif'	1728
10009	(231, 147)	b'\xe7\x93'	2191
10010	(268, 310)	' wom'	2218
10011	(316, 774)	' giv'	2506
10012	(559, 1511)	' proble'	2512
10013	(476, 172)	'括'	2555
10014	(546, 734)	' vide'	2575
10015	(1158, 141)	'্'	2637
10016	(264, 2043)	' syst'	2951
10017	(141, 606)	b'\x8d\xe0\xaa'	3017
10018	(1609, 809)	'uesday'	3103
10019	(779, 620)	'平方'	3198
10020	(1159, 308)	' partic'	3304
10021	(2465, 809)	'nesday'	3355
10022	(580, 190)	'ா'	3481
10023	(333, 379)	' rese'	3502
10024	(496, 1978)	' Russ'	3537
10025	(305, 609)	' lear'	3554
10026	(297, 617)	' hist'	3575
10027	(291, 273)	' dou'	3637
10028	(218, 186)	'ں'	3743
10029	(277, 279)	' ben'	3783
10030	(2626, 809)	'aturday'	3797
10031	(297, 369)	' hig'	3826
10032	(292, 2175)	' toget'	3828
10033	(511, 382)	' sever'	3933
10034	(284, 1248)	' pict'	4094
10035	(97, 1100)	'aign'	4143
10036	(2500, 485)	'uggest'	4206
10037	(400, 831)	'大利'	4267
10038	(105, 719)	'iod'	4297
10039	(274, 671)	'anies'	4298
10040	(1268, 128)	'础'	4453
10041	(860, 479)	"ven't"	4464
10042	(2570, 635)	' opport'	4528
10043	(2795, 353)	' charac'	4551
10044	(233, 177)	b'\xe9\xb1'	4636
10045	(2169, 383)	' confir'	4660
10046	(596, 621)	' chall'	4674
10047	(2832, 809)	'ursday'	4690
10048	(1703, 275)	' Brit'	4788
10049	(2417, 418)	'ouncil'	4808
10050	(2507, 104)	' veh'	4826
10051	(4168, 1791)	'ashington'	4894
10052	(235, 138)	b'\xeb\x8a'	4946
10053	(1094, 177)	'ੱ'	5105
10054	(95, 95)	'__'	5162
10055	(520, 1845)	'来越'	5173
10056	(118, 383)	'vir'	5296
10057	(3877, 2162)	' Afric'	5387
10058	(1632, 138)	'腊'	5443
10059	(306, 179)	'圳'	5471
10060	(2612, 1248)	'istrict'	5527
10061	(10056, 265)	'viron'	5606
10062	(185, 163)	b'\xb9\xa3'	5614
10063	(103, 485)	'gest'	5648
10064	(265, 379)	'onse'	5650
10065	(2229, 1953)	' signific'	5670
10066	(5174, 101)	'ittee'	5768
10067	(1091, 265)	'ondon'	5773
10068	(1952, 3257)	'bruary'	5822
10069	(2281, 738)	'ornia'	5861
10070	(1075, 2803)	'西班'	6004
10071	(1033, 727)	'色球'	6106
10072	(901, 267)	' ener'	6113
10073	(286, 1401)	' mater'	6162
10074	(863, 162)	'恢'	6482
10075	(110, 3016)	'noon'	6511
10076	(4750, 321)	'underst'	6548
10077	(263, 4253)	'reci'	6567
10078	(100, 320)	'dle'	6610
10079	(473, 326)	'upid'	6690
10080	(419, 1122)	'国务'	6770
10081	(1577, 3919)	' daugh'	6778
10082	(487, 153)	'浙'	6791
10083	(356, 2250)	' Tex'	6869
10084	(422, 161)	'贡'	6919
10085	(137, 180)	b'\x89\xb4'	6939
10086	(782, 526)	'rael'	6968
10087	(1504, 138)	'殊'	7041
10088	(2477, 101)	'inese'	7046
10089	(611, 271)	' plat'	7047
10090	(297, 423)	' hus'	7148
10091	(734, 728)	'idered'	7161
10092	(761, 2125)	'加拿'	7182
10093	(98, 499)	'bum'	7223
10094	(109, 896)	'mber'	7287
10095	(4372, 121)	'razy'	7300
10096	(705, 103)	'reng'	7331
10097	(235, 161)	b'\xeb\xa1'	7370
10098	(742, 4709)	'uclear'	7382
10099	(418, 671)	'ilies'	7404
10100	(3070, 10037)	'澳大利'	7442
10101	(337, 170)	'绪'	7473
10102	(1426, 265)	'azon'	7488
10103	(383, 3370)	'irgin'	7494
10104	(1080, 10094)	'ovember'	7516
10105	(398, 671)	'uries'	7544
10106	(632, 2831)	' traff'	7604
10107	(4187, 375)	'fortun'	7618
10108	(259, 321)	'hest'	7623
10109	(979, 3177)	'意味'	7637
10110	(2462, 728)	'undred'	7690
10111	(80, 450)	'Pol'	7728
10112	(107, 332)	'ket'	7746
10113	(121, 1091)	'yond'	7807
10114	(735, 186)	b' \xe1\xba'	7892
10115	(411, 809)	'terday'	7897
10116	(299, 132)	'兄'	7907
10117	(1089, 99)	'merc'	7936
10118	(3786, 3521)	'ournament'	8010
10119	(4032, 276)	' Flor'	8049
10120	(308, 6409)	'icago'	8117
10121	(480, 1868)	'rief'	8136
10122	(443, 168)	'咨'	8144
10123	(805, 133)	'墅'	8168
10124	(1864, 145)	'撑'	8209
10125	(10117, 839)	'mercial'	8226
10126	(104, 2362)	'htt'	8259
10127	(2895, 104)	' meth'	8274
10128	(5739, 6559)	'光学变焦'	8293
10129	(233, 172)	b'\xe9\xac'	8295
10130	(1928, 1341)	' Franc'	8303
10131	(330, 105)	'oti'	8360
10132	(80, 101)	'Pe'	8373
10133	(305, 6421)	' langu'	8401
10134	(265, 3026)	'onstr'	8404
10135	(1009, 10103)	' Virgin'	8421
10136	(505, 310)	'andom'	8441
10137	(411, 109)	'term'	8452
10138	(1450, 111)	'onto'	8493
10139	(1066, 6055)	'水扁'	8645
10140	(2485, 267)	' deter'	8690
10141	(375, 1683)	'unities'	8696
10142	(1009, 1370)	' Veg'	8734
10143	(395, 142)	'赎'	8770
10144	(458, 6107)	'agram'	8776
10145	(3981, 1409)	'ermany'	8780
10146	(2915, 604)	' advant'	8783
10147	(233, 142)	b'\xe9\x8e'	8825
10148	(2846, 10112)	' basket'	8830
10149	(1148, 155)	' છ'	8889
10150	(528, 287)	'uled'	8929
10151	(1340, 281)	' cris'	8978
10152	(331, 7245)	'lymp'	8996
10153	(260, 136)	'丈'	8998
10154	(705, 479)	"ren't"	9035
10155	(683, 168)	'妨'	9060
10156	(642, 265)	'oston'	9201
10157	(2218, 161)	'葡'	9232
10158	(739, 176)	'晰'	9399
10159	(614, 1548)	'经销'	9479
10160	(418, 996)	'ilty'	9641
10161	(68, 4215)	'DII'	9696
10162	(492, 2335)	'家宝'	9787
10163	(6442, 419)	'人民共和国'	9810
10164	(1032, 132)	'萄'	9876
10165	(1492, 1101)	'传感'	9943
10166	(1396, 587)	'季后'	9997
